a_roderick23;1.0;1.0;1.0800843238830566;11;2
thronesfacts;0.6666666865348816;0.5333333333333334;0.8730386609122867;376;42
mrpuzzetta;1.0;1.0;1.081578016281128;12;2
steweaster;0.6666666865348816;0.6666666666666666;0.6925692558288574;2;3
darlingpleased1;0.5;0.3333333333333333;1.0904265642166138;12;2
watchbasement;1.0;1.0;1.0315818786621094;45;6
silviali;0.6000000238418579;0.4499999999999999;1.0792213678359985;40;5
ghostpiss0o;0.0;0.0;1.1030155420303345;4;4
daenerys_got;1.0;0.0;0.6477808356285095;39;5
womprat_2m;1.0;0.0;0.6569715142250061;30;4
armando_yanez;0.5;0.3333333333333333;1.0929633378982544;3;4
timmysparks;1.0;0.0;0.6591541767120361;2;2
skills4u2envy;0.0;0.0;1.1075671911239624;9;2
jjxschae;0.3333333432674408;0.16666666666666666;1.0981489419937134;3;3
ferasthrone;0.5;0.3333333333333333;1.057255744934082;46;6
milanelloman;0.1666666716337204;0.047619047619047616;1.1026338338851929;50;6
scottpreiss;0.0;0.0;1.1142637729644775;12;2
winterfellpod;0.1666666716337204;0.047619047619047616;1.0549973646799724;324;36
altpress;1.0;1.0;1.0752718448638916;13;2
randomthrones;0.7272727489471436;0.6124401913875599;0.8965194225311279;198;22
roll4it;0.6666666865348816;0.5333333333333333;1.067136287689209;52;6
pinkvilla;0.6785714030265808;0.5486322188449849;0.9226097464561462;248;28
quotebotmaster;0.36283186078071594;0.19319618434662686;1.2299752098269168;1012;113
goat_aus;0.25;0.1;1.1055915355682373;32;4
bptml7;0.6666666865348816;0.5333333333333333;1.0743874311447144;19;3
judea05;0.3333333432674408;0.16666666666666666;1.0728768110275269;52;6
tyltgeek;0.75;0.6428571428571428;0.679800271987915;31;4
oneperfectshot;0.5565217137336731;0.397959679378188;0.9956271057543548;1029;115
flash_titans;0.0;0.0;1.1144161224365234;126;14
tracilala;1.0;1.0;1.0444992780685425;45;5
redditfreefolk;0.6458333134651184;0.5068565400843882;0.8976572851339976;1723;192
r_h_bushell;0.20000000298023224;0.06666666666666668;1.1135852336883545;4;5
nightscast;0.5555555820465088;0.39682539682539686;1.0480051040649414;73;9
letsplays_deu;1.0;0.0;0.6734187006950378;9;2
stephenarch78;0.3333333432674408;0.16666666666666666;0.702794075012207;2;3
obienator;0.800000011920929;0.7111111111111111;1.0718672275543213;88;10
world0fwesteros;1.0;1.0;1.0523356199264526;9;1
adamatoulon;0.3333333432674408;0.16666666666666666;1.109308123588562;2;3
robin_anne_14;0.5;0.3333333333333333;1.087083101272583;15;2
kristhyajimenez;0.0;0.0;1.1171821355819702;22;3
villamicika;1.0;1.0;0.6733309030532837;13;2
charitin_1;0.75;0.6428571428571428;1.0809016227722168;34;4
bibabugs;0.25;0.1;1.0942814350128174;28;4
tvguide;0.7123287916183472;0.5926575342465753;0.8520297677549598;649;73
geekdrinkstore;1.0;1.0;1.02986741065979;35;4
sleepydragonart;1.0;1.0;0.6929376125335693;2;2
thatelfnerd;0.20000000298023224;0.06666666666666668;1.1025117635726929;4;5
kasumicos;0.3333333432674408;0.2222222222222222;1.103530764579773;2;3
lenabellemusic;0.3333333432674408;0.16666666666666666;1.0997015237808228;3;3
westeroshistory;0.75;0.6428571428571428;0.6862762570381165;3;4
meawwofficial;0.692307710647583;0.5664335664335665;0.8962452411651611;117;13
tracklistost;1.0;0.0;0.6665182709693909;3;3
fanglowgifts;0.8999999761581421;0.8526315789473685;0.6277685761451721;88;10
nerdflixchill;1.0;1.0;0.8625562919510735;323;36
culturecrave;0.8181818127632141;0.7363636363636363;1.0330761671066284;93;11
xfinity;0.3333333432674408;0.16666666666666666;1.1019768714904785;2;3
williamfuentes;0.5;0.3333333333333333;1.0965863466262817;16;2
patchface2;0.0;0.0;1.131149411201477;9;1
leo_ofredkeep;0.3333333432674408;0.16666666666666666;1.0876383781433105;234;27
emileestarz;0.800000011920929;0.7111111111111111;1.0518375635147095;4;5
analyticmadness;0.6666666865348816;0.5333333333333333;1.0837289094924927;20;3
ew;0.6666666865348816;0.5333333333333333;0.8939007520675659;234;27
iamtherainxoxo;0.6875;0.5601851851851851;1.0215712785720825;136;16
indiewire;0.7142857313156128;0.5952380952380952;0.9313137251503614;437;49
tobibakrelyrics;0.5;0.3333333333333333;0.6960204243659973;14;2
athanalexander;0.5;0.3333333333333333;1.0943341255187988;15;2
haitiana4obama;0.0;0.0;1.0996822118759155;22;3
watchersotwall;0.9354838728904724;0.9043010752688171;0.6214542984962463;274;31
luziyt;1.0;0.0;0.6539943814277649;9;2
vt31008;0.8571428656578064;0.7912087912087912;1.058485984802246;60;7
cammie_bluesky;0.0;0.0;1.113774061203003;27;4
divinebarrelclt;1.0;1.0;0.6635177135467529;2;3
ohheyhellothere;0.75;0.6428571428571428;0.6422306299209595;4;4
kaspersky;0.5;0.3333333333333333;1.1069806814193726;4;4
freefolkbot;0.6695652008056641;0.5370471014492753;0.8666185463684193;6204;690
got_maniac;0.875;0.8166666666666667;1.0067565441131592;72;8
barrypi;0.361623615026474;0.1920819208192082;1.0797882814688875;2439;271
jtbroussard;1.0;1.0;1.0961353778839111;3;4
a_roderick23;1.0;1.0;1.0340778827667236;11;2
thronesfacts;0.6666666865348816;0.5333333333333334;0.869810075986953;376;42
mrpuzzetta;1.0;1.0;1.0161869525909424;12;2
steweaster;0.0;0.0;0.7028570771217346;2;3
darlingpleased1;0.5;0.3333333333333333;1.0850558280944824;12;2
watchbasement;1.0;1.0;1.0480746030807495;45;6
silviali;0.4000000059604645;0.2285714285714286;1.0552563667297363;40;5
ghostpiss0o;0.0;0.0;1.0948699712753296;4;4
daenerys_got;1.0;0.0;0.6213709712028503;39;5
womprat_2m;1.0;0.0;0.670629620552063;30;4
armando_yanez;0.5;0.3333333333333333;1.087262511253357;3;4
timmysparks;1.0;0.0;0.6467995643615723;2;2
skills4u2envy;0.0;0.0;1.1103262901306152;9;2
jjxschae;0.3333333432674408;0.16666666666666666;1.098128318786621;3;3
ferasthrone;0.5;0.3333333333333333;1.0685724020004272;46;6
milanelloman;0.5;0.3333333333333333;1.0916892290115356;50;6
scottpreiss;0.5;0.3333333333333333;1.100653052330017;12;2
winterfellpod;0.7222222089767456;0.6057347670250895;0.9619370831383599;324;36
altpress;1.0;1.0;1.0683053731918335;13;2
randomthrones;0.7272727489471436;0.6124401913875599;0.8379862308502197;198;22
roll4it;0.6666666865348816;0.5333333333333333;1.066733479499817;52;6
pinkvilla;0.6785714030265808;0.5486322188449849;0.950162410736084;248;28
quotebotmaster;0.36283186078071594;0.19319618434662686;1.2168045972300843;1012;113
goat_aus;0.25;0.1;1.1037018299102783;32;4
bptml7;0.6666666865348816;0.5333333333333333;1.075005054473877;19;3
judea05;0.3333333432674408;0.16666666666666666;1.0832189321517944;52;6
tyltgeek;0.75;0.6428571428571428;0.6724115610122681;31;4
oneperfectshot;0.5565217137336731;0.397959679378188;0.9932531159857045;1029;115
flash_titans;0.0;0.0;1.099519968032837;126;14
tracilala;1.0;1.0;1.0210304260253906;45;5
redditfreefolk;0.6458333134651184;0.5068565400843882;0.8980688353379568;1723;192
r_h_bushell;0.20000000298023224;0.06666666666666668;1.120758056640625;4;5
nightscast;0.5555555820465088;0.39682539682539686;1.0447413921356201;73;9
letsplays_deu;1.0;0.0;0.6771592497825623;9;2
stephenarch78;0.3333333432674408;0.16666666666666666;0.7112553715705872;2;3
obienator;0.800000011920929;0.7111111111111111;1.079906940460205;88;10
world0fwesteros;1.0;1.0;1.0738039016723633;9;1
adamatoulon;0.3333333432674408;0.2222222222222222;1.1167689561843872;2;3
robin_anne_14;0.5;0.3333333333333333;1.0811567306518555;15;2
kristhyajimenez;0.3333333432674408;0.16666666666666666;1.1094754934310913;22;3
villamicika;1.0;1.0;0.6652840375900269;13;2
charitin_1;0.75;0.6428571428571428;1.0561920404434204;34;4
bibabugs;0.5;0.3333333333333333;1.0930511951446533;28;4
tvguide;0.7123287916183472;0.5926575342465753;0.8379734819882536;649;73
geekdrinkstore;1.0;1.0;1.0488865375518799;35;4
sleepydragonart;1.0;1.0;0.6917707324028015;2;2
thatelfnerd;0.0;0.0;1.1079643964767456;4;5
kasumicos;0.3333333432674408;0.16666666666666666;1.1088166236877441;2;3
lenabellemusic;0.3333333432674408;0.16666666666666666;1.0993542671203613;3;3
westeroshistory;0.75;0.6428571428571428;0.6814178228378296;3;4
meawwofficial;0.692307710647583;0.5664335664335665;1.0316174030303955;117;13
tracklistost;1.0;0.0;0.6764057278633118;3;3
fanglowgifts;0.8999999761581421;0.8526315789473685;0.6378937363624573;88;10
nerdflixchill;1.0;1.0;0.8075680004225837;323;36
culturecrave;0.8181818127632141;0.7363636363636363;1.0287648439407349;93;11
xfinity;0.3333333432674408;0.16666666666666666;1.098509430885315;2;3
williamfuentes;0.5;0.3333333333333333;1.0990968942642212;16;2
patchface2;0.0;0.0;1.123767375946045;9;1
leo_ofredkeep;0.3333333432674408;0.16666666666666666;1.0866713523864746;234;27
emileestarz;0.800000011920929;0.7111111111111111;1.0689653158187866;4;5
analyticmadness;0.6666666865348816;0.5333333333333333;1.0894302129745483;20;3
ew;0.6666666865348816;0.5333333333333333;0.9573548436164856;234;27
iamtherainxoxo;0.6875;0.5601851851851851;0.9814046025276184;136;16
indiewire;0.7142857313156128;0.5952380952380952;0.9436410422227821;437;49
tobibakrelyrics;0.5;0.3333333333333333;0.6945315599441528;14;2
athanalexander;0.5;0.3333333333333333;1.0929179191589355;15;2
haitiana4obama;0.0;0.0;1.1008472442626953;22;3
watchersotwall;0.9354838728904724;0.9043010752688171;0.6300545930862427;274;31
luziyt;1.0;0.0;0.6639552116394043;9;2
vt31008;0.8571428656578064;0.7912087912087912;1.0692031383514404;60;7
cammie_bluesky;0.0;0.0;1.12434720993042;27;4
divinebarrelclt;1.0;1.0;0.672228991985321;2;3
ohheyhellothere;0.75;0.6428571428571428;0.6648733615875244;4;4
kaspersky;0.0;0.0;1.1249785423278809;4;4
freefolkbot;0.6695652008056641;0.5370471014492753;0.8670229587002077;6204;690
got_maniac;0.875;0.8166666666666667;1.0383604764938354;72;8
barrypi;0.361623615026474;0.1920819208192082;1.079659213439125;2439;271
jtbroussard;0.0;0.0;1.1055525541305542;3;4
a_roderick23;0.5;0.6666666666666666;1.0838038921356201;11;2
thronesfacts;0.6666666865348816;0.5333333333333334;0.935038651738848;376;42
mrpuzzetta;1.0;1.0;1.056968092918396;12;2
steweaster;0.0;0.0;0.6997368931770325;2;3
darlingpleased1;0.5;0.3333333333333333;1.0923378467559814;12;2
watchbasement;1.0;1.0;1.0168908834457397;45;6
silviali;0.4000000059604645;0.2285714285714286;1.082434892654419;40;5
ghostpiss0o;0.0;0.0;1.097865343093872;4;4
daenerys_got;1.0;0.0;0.6347559690475464;39;5
womprat_2m;1.0;0.0;0.668271005153656;30;4
armando_yanez;0.5;0.3333333333333333;1.0939571857452393;3;4
timmysparks;1.0;0.0;0.6746450662612915;2;2
skills4u2envy;0.5;0.3333333333333333;1.10921311378479;9;2
jjxschae;0.3333333432674408;0.16666666666666666;1.0942753553390503;3;3
ferasthrone;0.5;0.3333333333333333;1.086944580078125;46;6
milanelloman;0.1666666716337204;0.047619047619047616;1.1114238500595093;50;6
scottpreiss;0.5;0.3333333333333333;1.1002566814422607;12;2
winterfellpod;0.1666666716337204;0.047619047619047616;0.9886486662758721;324;36
altpress;1.0;1.0;1.0636096000671387;13;2
randomthrones;0.7272727489471436;0.6124401913875599;0.8985424041748047;198;22
roll4it;0.6666666865348816;0.5333333333333333;1.0840176343917847;52;6
pinkvilla;0.6785714030265808;0.5486322188449849;0.9074609875679016;248;28
quotebotmaster;0.36283186078071594;0.19319618434662686;1.2132859884110172;1012;113
goat_aus;0.25;0.1;1.0997039079666138;32;4
bptml7;0.6666666865348816;0.5333333333333333;1.0766698122024536;19;3
judea05;0.6666666865348816;0.5333333333333333;1.0733338594436646;52;6
tyltgeek;0.75;0.6428571428571428;0.678098201751709;31;4
oneperfectshot;0.5565217137336731;0.397959679378188;1.0054599025975104;1029;115
flash_titans;0.0;0.0;1.089830994606018;126;14
tracilala;1.0;1.0;1.0525063276290894;45;5
redditfreefolk;0.6458333134651184;0.5068565400843882;0.9003828863302866;1723;192
r_h_bushell;0.20000000298023224;0.06666666666666668;1.1398029327392578;4;5
nightscast;0.4444444477558136;0.2735042735042735;1.0673470497131348;73;9
letsplays_deu;1.0;0.0;0.6444332003593445;9;2
stephenarch78;0.3333333432674408;0.16666666666666666;0.7030232548713684;2;3
obienator;0.800000011920929;0.7111111111111111;1.0653424263000488;88;10
world0fwesteros;1.0;1.0;1.0722209215164185;9;1
adamatoulon;0.3333333432674408;0.16666666666666666;1.1190712451934814;2;3
robin_anne_14;0.5;0.3333333333333333;1.0793356895446777;15;2
kristhyajimenez;0.3333333432674408;0.3333333333333333;1.1060450077056885;22;3
villamicika;1.0;1.0;0.664850115776062;13;2
charitin_1;0.75;0.6428571428571428;1.0803334712982178;34;4
bibabugs;0.5;0.3333333333333333;1.0843478441238403;28;4
tvguide;0.7123287916183472;0.5926575342465753;0.845307026823906;649;73
geekdrinkstore;1.0;1.0;1.034604787826538;35;4
sleepydragonart;0.0;0.0;0.6938928365707397;2;2
thatelfnerd;0.20000000298023224;0.06666666666666668;1.1035898923873901;4;5
kasumicos;0.0;0.0;1.1131588220596313;2;3
lenabellemusic;0.3333333432674408;0.16666666666666666;1.0931965112686157;3;3
westeroshistory;0.75;0.6428571428571428;0.6842027902603149;3;4
meawwofficial;0.692307710647583;0.5664335664335665;1.0746004581451416;117;13
tracklistost;1.0;0.0;0.6644707918167114;3;3
fanglowgifts;0.8999999761581421;0.8526315789473685;0.5439826250076294;88;10
nerdflixchill;1.0;1.0;0.7481107778019376;323;36
culturecrave;0.8181818127632141;0.7363636363636363;1.0174689292907715;93;11
xfinity;0.3333333432674408;0.16666666666666666;1.0982009172439575;2;3
williamfuentes;0.5;0.3333333333333333;1.0939271450042725;16;2
patchface2;0.0;0.0;1.1365317106246948;9;1
leo_ofredkeep;0.3333333432674408;0.16666666666666666;1.0911895036697388;234;27
emileestarz;0.800000011920929;0.7111111111111111;1.0894718170166016;4;5
analyticmadness;0.6666666865348816;0.5333333333333333;1.0762330293655396;20;3
ew;0.6666666865348816;0.5333333333333333;0.9631760716438293;234;27
iamtherainxoxo;0.6875;0.5601851851851851;1.0024137496948242;136;16
indiewire;0.7142857313156128;0.5952380952380952;0.9455748249073418;437;49
tobibakrelyrics;0.5;0.3333333333333333;0.695318341255188;14;2
athanalexander;0.5;0.3333333333333333;1.0908427238464355;15;2
haitiana4obama;0.0;0.0;1.1030387878417969;22;3
watchersotwall;0.9354838728904724;0.9043010752688171;0.6609001755714417;274;31
luziyt;1.0;0.0;0.6457809805870056;9;2
vt31008;0.8571428656578064;0.7912087912087912;1.0592405796051025;60;7
cammie_bluesky;0.0;0.0;1.1751824617385864;27;4
divinebarrelclt;1.0;1.0;0.6778079867362976;2;3
ohheyhellothere;0.75;0.6428571428571428;0.6482246518135071;4;4
kaspersky;0.0;0.0;1.115264654159546;4;4
freefolkbot;0.6695652008056641;0.5370471014492753;0.8686436191849086;6204;690
got_maniac;0.875;0.8166666666666667;1.0037288665771484;72;8
barrypi;0.361623615026474;0.1920819208192082;1.0787173975877655;2439;271
jtbroussard;1.0;1.0;1.0980116128921509;3;4
a_roderick23;1.0;1.0;1.0762274265289307;11;2
thronesfacts;0.6666666865348816;0.5333333333333334;0.9046679053987775;376;42
mrpuzzetta;1.0;1.0;1.0491782426834106;12;2
steweaster;0.6666666865348816;0.5333333333333333;0.6898356080055237;2;3
darlingpleased1;0.5;0.3333333333333333;1.0811530351638794;12;2
watchbasement;1.0;1.0;1.029088020324707;45;6
silviali;0.6000000238418579;0.4499999999999999;1.0724906921386719;40;5
ghostpiss0o;0.0;0.0;1.1041202545166016;4;4
daenerys_got;1.0;0.0;0.6494358777999878;39;5
womprat_2m;1.0;0.0;0.676363468170166;30;4
armando_yanez;0.5;0.3333333333333333;1.0942282676696777;3;4
timmysparks;1.0;0.0;0.6713221669197083;2;2
skills4u2envy;0.0;0.0;1.1161603927612305;9;2
jjxschae;0.0;0.0;1.0999177694320679;3;3
ferasthrone;0.5;0.3333333333333333;1.0915552377700806;46;6
milanelloman;0.5;0.3333333333333333;1.0975419282913208;50;6
scottpreiss;0.5;0.3333333333333333;1.099874496459961;12;2
winterfellpod;0.6111111044883728;0.5694444444444444;1.0076361497243245;324;36
altpress;1.0;1.0;1.0801408290863037;13;2
randomthrones;0.7272727489471436;0.6124401913875599;0.9374861121177673;198;22
roll4it;0.6666666865348816;0.5333333333333333;1.0581110715866089;52;6
pinkvilla;0.6785714030265808;0.5486322188449849;0.8817415833473206;248;28
quotebotmaster;0.36283186078071594;0.19319618434662686;1.2330336053814508;1012;113
goat_aus;0.25;0.1;1.1150568723678589;32;4
bptml7;0.3333333432674408;0.3333333333333333;1.076668620109558;19;3
judea05;0.3333333432674408;0.16666666666666666;1.0799208879470825;52;6
tyltgeek;0.75;0.6428571428571428;0.6783443689346313;31;4
oneperfectshot;0.5565217137336731;0.397959679378188;0.9963481446971064;1029;115
flash_titans;0.0;0.0;1.1114046573638916;126;14
tracilala;1.0;1.0;1.0471444129943848;45;5
redditfreefolk;0.6458333134651184;0.5068565400843882;0.8976254860560099;1723;192
r_h_bushell;0.20000000298023224;0.06666666666666668;1.1045387983322144;4;5
nightscast;0.4444444477558136;0.2735042735042735;1.0742355585098267;73;9
letsplays_deu;1.0;0.0;0.6818535327911377;9;2
stephenarch78;0.3333333432674408;0.16666666666666666;0.7125683426856995;2;3
obienator;0.800000011920929;0.7111111111111111;1.0485985279083252;88;10
world0fwesteros;1.0;1.0;1.0783060789108276;9;1
adamatoulon;0.0;0.0;1.1124857664108276;2;3
robin_anne_14;0.5;0.3333333333333333;1.0857926607131958;15;2
kristhyajimenez;0.3333333432674408;0.16666666666666666;1.1105324029922485;22;3
villamicika;1.0;1.0;0.6642018556594849;13;2
charitin_1;0.75;0.6428571428571428;1.0825629234313965;34;4
bibabugs;0.25;0.2;1.095948338508606;28;4
tvguide;0.7123287916183472;0.5926575342465753;0.8313248467771974;649;73
geekdrinkstore;1.0;1.0;0.9985823035240173;35;4
sleepydragonart;1.0;1.0;0.6925801038742065;2;2
thatelfnerd;0.20000000298023224;0.16;1.10747492313385;4;5
kasumicos;0.0;0.0;1.1153486967086792;2;3
lenabellemusic;0.3333333432674408;0.16666666666666666;1.097934365272522;3;3
westeroshistory;0.75;0.6428571428571428;0.680996835231781;3;4
meawwofficial;0.692307710647583;0.5664335664335665;1.015796422958374;117;13
tracklistost;1.0;0.0;0.6643567681312561;3;3
fanglowgifts;0.8999999761581421;0.8526315789473685;0.6314395070075989;88;10
nerdflixchill;1.0;1.0;0.751919706662496;323;36
culturecrave;0.8181818127632141;0.7363636363636363;0.951306939125061;93;11
xfinity;0.3333333432674408;0.16666666666666666;1.0991955995559692;2;3
williamfuentes;0.5;0.3333333333333333;1.0967822074890137;16;2
patchface2;0.0;0.0;1.1296837329864502;9;1
leo_ofredkeep;0.48148149251937866;0.40809327846364885;1.084630012512207;234;27
emileestarz;0.20000000298023224;0.26666666666666666;1.0913121700286865;4;5
analyticmadness;0.6666666865348816;0.5333333333333333;1.0820168256759644;20;3
ew;0.6666666865348816;0.5333333333333333;0.9932025074958801;234;27
iamtherainxoxo;0.6875;0.5601851851851851;1.0107024908065796;136;16
indiewire;0.7142857313156128;0.5952380952380952;0.8880264479286817;437;49
tobibakrelyrics;0.5;0.3333333333333333;0.6964290142059326;14;2
athanalexander;0.5;0.3333333333333333;1.0998270511627197;15;2
haitiana4obama;0.0;0.0;1.1074820756912231;22;3
watchersotwall;0.9354838728904724;0.9043010752688171;0.5698121786117554;274;31
luziyt;1.0;0.0;0.6718641519546509;9;2
vt31008;0.8571428656578064;0.7912087912087912;1.0388118028640747;60;7
cammie_bluesky;0.0;0.0;1.11940336227417;27;4
divinebarrelclt;1.0;1.0;0.6491248607635498;2;3
ohheyhellothere;0.75;0.6428571428571428;0.6731139421463013;4;4
kaspersky;0.5;0.3333333333333333;1.110788106918335;4;4
freefolkbot;0.6695652008056641;0.5370471014492753;0.8708618995072185;6204;690
got_maniac;0.875;0.8166666666666667;1.0176594257354736;72;8
barrypi;0.361623615026474;0.1920819208192082;1.0789968184439458;2439;271
jtbroussard;0.0;0.0;1.1038172245025635;3;4
a_roderick23;1.0;1.0;1.0762510299682617;11;2
thronesfacts;0.6666666865348816;0.5333333333333334;0.9694125765845889;376;42
mrpuzzetta;1.0;1.0;1.0740855932235718;12;2
steweaster;0.6666666865348816;0.5333333333333333;0.6921769976615906;2;3
darlingpleased1;0.5;0.3333333333333333;1.077337384223938;12;2
watchbasement;1.0;1.0;1.0503464937210083;45;6
silviali;0.6000000238418579;0.4499999999999999;1.0638900995254517;40;5
ghostpiss0o;0.0;0.0;1.1047124862670898;4;4
daenerys_got;1.0;0.0;0.593625009059906;39;5
womprat_2m;1.0;0.0;0.6639796495437622;30;4
armando_yanez;0.5;0.3333333333333333;1.0874987840652466;3;4
timmysparks;1.0;0.0;0.6659942269325256;2;2
skills4u2envy;0.0;0.0;1.110412359237671;9;2
jjxschae;0.6666666865348816;0.5555555555555555;1.0973211526870728;3;3
ferasthrone;0.5;0.3333333333333333;1.0852906703948975;46;6
milanelloman;0.5;0.3333333333333333;1.1025757789611816;50;6
scottpreiss;0.5;0.3333333333333333;1.0996907949447632;12;2
winterfellpod;0.1666666716337204;0.047619047619047616;1.0311037831836276;324;36
altpress;1.0;1.0;1.0781646966934204;13;2
randomthrones;0.7272727489471436;0.6124401913875599;0.8942101001739502;198;22
roll4it;0.6666666865348816;0.5333333333333333;1.0569572448730469;52;6
pinkvilla;0.6785714030265808;0.5486322188449849;0.9530725479125977;248;28
quotebotmaster;0.36283186078071594;0.19319618434662686;1.2221260323988652;1012;113
goat_aus;0.25;0.1;1.103623867034912;32;4
bptml7;0.3333333432674408;0.3333333333333333;1.0855604410171509;19;3
judea05;0.6666666865348816;0.5333333333333333;1.0587502717971802;52;6
tyltgeek;0.75;0.6428571428571428;0.6731672286987305;31;4
oneperfectshot;0.5565217137336731;0.397959679378188;0.9964075565338135;1029;115
flash_titans;0.0;0.0;1.1071377992630005;126;14
tracilala;1.0;1.0;1.0460923910140991;45;5
redditfreefolk;0.6458333134651184;0.5068565400843882;0.9046754936377207;1723;192
r_h_bushell;0.20000000298023224;0.06666666666666668;1.1004329919815063;4;5
nightscast;0.5555555820465088;0.39682539682539686;1.0531067848205566;73;9
letsplays_deu;1.0;0.0;0.6625282168388367;9;2
stephenarch78;0.3333333432674408;0.16666666666666666;0.7153242230415344;2;3
obienator;0.800000011920929;0.7111111111111111;1.087786078453064;88;10
world0fwesteros;1.0;1.0;1.057997226715088;9;1
adamatoulon;0.3333333432674408;0.16666666666666666;1.1103299856185913;2;3
robin_anne_14;0.5;0.3333333333333333;1.0897176265716553;15;2
kristhyajimenez;0.0;0.0;1.1175668239593506;22;3
villamicika;1.0;1.0;0.6766189336776733;13;2
charitin_1;0.75;0.6428571428571428;1.0844218730926514;34;4
bibabugs;0.5;0.3333333333333333;1.09381902217865;28;4
tvguide;0.7123287916183472;0.5926575342465753;0.8517203624934366;649;73
geekdrinkstore;1.0;1.0;1.010815143585205;35;4
sleepydragonart;1.0;1.0;0.692787230014801;2;2
thatelfnerd;0.20000000298023224;0.06666666666666668;1.1046886444091797;4;5
kasumicos;0.0;0.0;1.1248384714126587;2;3
lenabellemusic;0.3333333432674408;0.16666666666666666;1.1034698486328125;3;3
westeroshistory;0.75;0.6428571428571428;0.6823078989982605;3;4
meawwofficial;0.692307710647583;0.5664335664335665;1.0137383937835693;117;13
tracklistost;1.0;0.0;0.6536076664924622;3;3
fanglowgifts;0.8999999761581421;0.8526315789473685;0.6026071310043335;88;10
nerdflixchill;1.0;1.0;0.8740024632877774;323;36
culturecrave;0.8181818127632141;0.7363636363636363;1.0191292762756348;93;11
xfinity;0.3333333432674408;0.16666666666666666;1.0971242189407349;2;3
williamfuentes;0.5;0.3333333333333333;1.086564302444458;16;2
patchface2;0.0;0.0;1.1515519618988037;9;1
leo_ofredkeep;0.4444444477558136;0.37315510999721524;1.0843355655670166;234;27
emileestarz;0.800000011920929;0.7111111111111111;1.0548946857452393;4;5
analyticmadness;0.6666666865348816;0.5333333333333333;1.0858447551727295;20;3
ew;0.6666666865348816;0.5333333333333333;0.9989786744117737;234;27
iamtherainxoxo;0.6875;0.5601851851851851;1.048798680305481;136;16
indiewire;0.7142857313156128;0.5952380952380952;0.8715343049594334;437;49
tobibakrelyrics;0.5;0.3333333333333333;0.6940618753433228;14;2
athanalexander;0.5;0.3333333333333333;1.0983062982559204;15;2
haitiana4obama;0.6666666865348816;0.5333333333333333;1.096333622932434;22;3
watchersotwall;0.9354838728904724;0.9043010752688171;0.6232928037643433;274;31
luziyt;1.0;0.0;0.6567531824111938;9;2
vt31008;0.8571428656578064;0.7912087912087912;1.028831958770752;60;7
cammie_bluesky;0.0;0.0;1.1127936840057373;27;4
divinebarrelclt;1.0;1.0;0.6565720438957214;2;3
ohheyhellothere;0.75;0.6428571428571428;0.6270830631256104;4;4
kaspersky;0.0;0.0;1.1208058595657349;4;4
freefolkbot;0.6695652008056641;0.5370471014492753;0.8694997709730398;6204;690
got_maniac;0.875;0.8166666666666667;1.0358399152755737;72;8
barrypi;0.361623615026474;0.1920819208192082;1.0794089100017759;2439;271
jtbroussard;1.0;1.0;1.0959951877593994;3;4
