a_roderick23;1.0;1.0;1.0040137767791748;11;2
thronesfacts;0.6666666865348816;0.5333333333333334;0.9002519562130883;376;42
mrpuzzetta;1.0;1.0;1.0682485103607178;12;2
steweaster;0.0;0.0;0.6940146088600159;2;3
darlingpleased1;0.5;0.3333333333333333;1.0811488628387451;12;2
watchbasement;1.0;1.0;0.9216533303260803;45;6
silviali;0.4000000059604645;0.2285714285714286;1.047156810760498;40;5
ghostpiss0o;0.0;0.0;1.1191060543060303;4;4
daenerys_got;1.0;0.0;0.5013421177864075;39;5
womprat_2m;1.0;0.0;0.6637176871299744;30;4
armando_yanez;0.5;0.3333333333333333;1.0778796672821045;3;4
timmysparks;1.0;0.0;0.5986071825027466;2;2
skills4u2envy;0.0;0.0;1.130282998085022;9;2
jjxschae;0.3333333432674408;0.16666666666666666;1.1024746894836426;3;3
ferasthrone;0.5;0.3333333333333333;1.0630996227264404;46;6
milanelloman;0.3333333432674408;0.28571428571428575;1.1049901247024536;50;6
scottpreiss;0.5;0.3333333333333333;1.1011662483215332;12;2
winterfellpod;0.7222222089767456;0.6057347670250895;0.9306891229417589;324;36
altpress;1.0;1.0;1.040310263633728;13;2
randomthrones;0.7272727489471436;0.6124401913875599;0.827440619468689;198;22
roll4it;0.6666666865348816;0.5333333333333333;1.0379176139831543;52;6
pinkvilla;0.6785714030265808;0.5486322188449849;0.8475009202957153;248;28
quotebotmaster;0.36283186078071594;0.19319618434662686;1.2219826710962616;1012;113
goat_aus;0.25;0.1;1.106542706489563;32;4
bptml7;0.6666666865348816;0.5333333333333333;1.0594367980957031;19;3
judea05;0.3333333432674408;0.16666666666666666;1.0454983711242676;52;6
tyltgeek;0.75;0.6428571428571428;0.6712740063667297;31;4
oneperfectshot;0.5565217137336731;0.397959679378188;0.9973401359889819;1029;115
flash_titans;0.0;0.0;1.106357455253601;126;14
tracilala;1.0;1.0;0.9416905641555786;45;5
redditfreefolk;0.6458333134651184;0.5068565400843882;0.8952832122643789;1723;192
r_h_bushell;0.20000000298023224;0.06666666666666668;1.1117000579833984;4;5
nightscast;0.4444444477558136;0.2735042735042735;1.0056662559509277;73;9
letsplays_deu;1.0;0.0;0.6580435037612915;9;2
stephenarch78;0.3333333432674408;0.16666666666666666;0.71717768907547;2;3
obienator;0.800000011920929;0.7111111111111111;1.0678002834320068;88;10
world0fwesteros;1.0;1.0;1.0448635816574097;9;1
adamatoulon;0.3333333432674408;0.16666666666666666;1.1180912256240845;2;3
robin_anne_14;0.5;0.3333333333333333;1.072579026222229;15;2
kristhyajimenez;0.0;0.0;1.1350055932998657;22;3
villamicika;1.0;1.0;0.6545822620391846;13;2
charitin_1;0.75;0.6428571428571428;1.0350537300109863;34;4
bibabugs;0.25;0.1;1.0881502628326416;28;4
tvguide;0.7123287916183472;0.5926575342465753;0.8399100352640021;649;73
geekdrinkstore;0.0;0.0;1.036090612411499;35;4
sleepydragonart;1.0;1.0;0.6929802298545837;2;2
thatelfnerd;0.20000000298023224;0.06666666666666668;1.1169943809509277;4;5
kasumicos;0.0;0.0;1.1574102640151978;2;3
lenabellemusic;0.3333333432674408;0.16666666666666666;1.1006793975830078;3;3
westeroshistory;0.75;0.6428571428571428;0.6658796072006226;3;4
meawwofficial;0.692307710647583;0.5664335664335665;0.8569583892822266;117;13
tracklistost;1.0;0.0;0.609075665473938;3;3
fanglowgifts;0.8999999761581421;0.8526315789473685;0.5577853322029114;88;10
nerdflixchill;1.0;1.0;0.6712390780448914;323;36
culturecrave;0.8181818127632141;0.7363636363636363;0.9657669067382812;93;11
xfinity;0.3333333432674408;0.16666666666666666;1.106564998626709;2;3
williamfuentes;0.5;0.3333333333333333;1.0894774198532104;16;2
patchface2;0.0;0.0;1.146966814994812;9;1
leo_ofredkeep;0.3333333432674408;0.16666666666666666;1.09153413772583;234;27
emileestarz;0.800000011920929;0.7111111111111111;1.050257682800293;4;5
analyticmadness;0.6666666865348816;0.5333333333333333;1.065412163734436;20;3
ew;0.6666666865348816;0.5333333333333333;0.8467580080032349;234;27
iamtherainxoxo;0.6875;0.5601851851851851;0.8761910200119019;136;16
indiewire;0.7142857313156128;0.5952380952380952;0.8511614312930983;437;49
tobibakrelyrics;0.5;0.3333333333333333;0.6973367929458618;14;2
athanalexander;0.5;0.3333333333333333;1.0829808712005615;15;2
haitiana4obama;0.6666666865348816;0.5333333333333333;1.0884398221969604;22;3
watchersotwall;0.9354838728904724;0.9043010752688171;0.40250521898269653;274;31
luziyt;1.0;0.0;0.642355740070343;9;2
vt31008;0.8571428656578064;0.7912087912087912;0.9709059000015259;60;7
cammie_bluesky;0.0;0.0;1.1232116222381592;27;4
divinebarrelclt;1.0;1.0;0.6521811485290527;2;3
ohheyhellothere;0.75;0.6428571428571428;0.6195940971374512;4;4
kaspersky;0.0;0.0;1.114833116531372;4;4
freefolkbot;0.6695652008056641;0.5370471014492753;0.8661653458208277;6204;690
got_maniac;0.875;0.8166666666666667;1.028394341468811;72;8
barrypi;0.361623615026474;0.1920819208192082;1.079718089191676;2439;271
jtbroussard;0.0;0.0;1.1021554470062256;3;4
a_roderick23;1.0;1.0;0.9737188816070557;11;2
thronesfacts;0.6666666865348816;0.5333333333333334;0.8831028484162831;376;42
mrpuzzetta;1.0;1.0;1.024420976638794;12;2
steweaster;0.6666666865348816;0.5333333333333333;0.6934939026832581;2;3
darlingpleased1;0.5;0.3333333333333333;1.041312336921692;12;2
watchbasement;1.0;1.0;0.9704286456108093;45;6
silviali;0.4000000059604645;0.2285714285714286;1.0630851984024048;40;5
ghostpiss0o;0.0;0.0;1.135939121246338;4;4
daenerys_got;1.0;0.0;0.5491943359375;39;5
womprat_2m;1.0;0.0;0.6416126489639282;30;4
armando_yanez;0.5;0.3333333333333333;1.0655126571655273;3;4
timmysparks;1.0;0.0;0.6616016030311584;2;2
skills4u2envy;0.0;0.0;1.1161308288574219;9;2
jjxschae;0.3333333432674408;0.16666666666666666;1.0983296632766724;3;3
ferasthrone;0.5;0.3333333333333333;1.0682365894317627;46;6
milanelloman;0.1666666716337204;0.047619047619047616;1.1075286865234375;50;6
scottpreiss;0.5;0.3333333333333333;1.112917423248291;12;2
winterfellpod;0.7222222089767456;0.6057347670250895;0.9274372127321031;324;36
altpress;1.0;1.0;0.9883482456207275;13;2
randomthrones;0.7272727489471436;0.6124401913875599;0.7632482051849365;198;22
roll4it;0.6666666865348816;0.5333333333333333;1.0031160116195679;52;6
pinkvilla;0.6785714030265808;0.5486322188449849;0.8507903814315796;248;28
quotebotmaster;0.36283186078071594;0.19319618434662686;1.2210788579113716;1012;113
goat_aus;0.25;0.1;1.096192479133606;32;4
bptml7;0.6666666865348816;0.5333333333333333;1.0576815605163574;19;3
judea05;0.3333333432674408;0.16666666666666666;1.0749717950820923;52;6
tyltgeek;0.75;0.6428571428571428;0.6698903441429138;31;4
oneperfectshot;0.5565217137336731;0.397959679378188;0.995001831262008;1029;115
flash_titans;0.0;0.0;1.1424747705459595;126;14
tracilala;1.0;1.0;0.9478788375854492;45;5
redditfreefolk;0.6458333134651184;0.5068565400843882;0.896463006734848;1723;192
r_h_bushell;0.20000000298023224;0.06666666666666668;1.0966624021530151;4;5
nightscast;0.4444444477558136;0.2735042735042735;0.9938674569129944;73;9
letsplays_deu;1.0;0.0;0.6189338564872742;9;2
stephenarch78;0.3333333432674408;0.16666666666666666;0.7109171748161316;2;3
obienator;0.800000011920929;0.7111111111111111;1.0209543704986572;88;10
world0fwesteros;1.0;1.0;1.0208134651184082;9;1
adamatoulon;0.3333333432674408;0.16666666666666666;1.1156374216079712;2;3
robin_anne_14;0.5;0.3333333333333333;1.0769559144973755;15;2
kristhyajimenez;0.0;0.0;1.1438149213790894;22;3
villamicika;1.0;1.0;0.6283341646194458;13;2
charitin_1;0.75;0.6428571428571428;1.0638928413391113;34;4
bibabugs;0.5;0.3333333333333333;1.0881037712097168;28;4
tvguide;0.7123287916183472;0.5926575342465753;0.8393960374675385;649;73
geekdrinkstore;1.0;1.0;0.9231414794921875;35;4
sleepydragonart;0.0;0.0;0.693458080291748;2;2
thatelfnerd;0.20000000298023224;0.06666666666666668;1.1098628044128418;4;5
kasumicos;0.3333333432674408;0.2222222222222222;1.1151199340820312;2;3
lenabellemusic;0.3333333432674408;0.16666666666666666;1.0990082025527954;3;3
westeroshistory;0.75;0.6428571428571428;0.6598615646362305;3;4
meawwofficial;0.692307710647583;0.5664335664335665;1.0325725078582764;117;13
tracklistost;1.0;0.0;0.6146976351737976;3;3
fanglowgifts;0.8999999761581421;0.8526315789473685;0.5150858759880066;88;10
nerdflixchill;1.0;1.0;0.6897512608104281;323;36
culturecrave;0.8181818127632141;0.7363636363636363;0.9688539505004883;93;11
xfinity;0.3333333432674408;0.16666666666666666;1.0945320129394531;2;3
williamfuentes;0.5;0.3333333333333333;1.066599726676941;16;2
patchface2;0.0;0.0;1.1729154586791992;9;1
leo_ofredkeep;0.3333333432674408;0.16666666666666666;1.08888840675354;234;27
emileestarz;0.800000011920929;0.7111111111111111;1.0740740299224854;4;5
analyticmadness;0.6666666865348816;0.5333333333333333;1.061446189880371;20;3
ew;0.6666666865348816;0.5333333333333333;0.872930109500885;234;27
iamtherainxoxo;0.6875;0.5601851851851851;0.9806212782859802;136;16
indiewire;0.7142857313156128;0.5952380952380952;0.8594916170957138;437;49
tobibakrelyrics;0.5;0.3333333333333333;0.7017096877098083;14;2
athanalexander;0.5;0.3333333333333333;1.077361822128296;15;2
haitiana4obama;0.0;0.0;1.1198898553848267;22;3
watchersotwall;0.9354838728904724;0.9043010752688171;0.37681862711906433;274;31
luziyt;1.0;0.0;0.6415418386459351;9;2
vt31008;0.8571428656578064;0.7912087912087912;1.0026520490646362;60;7
cammie_bluesky;0.0;0.0;1.1286649703979492;27;4
divinebarrelclt;1.0;1.0;0.6080396175384521;2;3
ohheyhellothere;0.75;0.6428571428571428;0.6619157791137695;4;4
kaspersky;0.5;0.3333333333333333;1.1083112955093384;4;4
freefolkbot;0.6695652008056641;0.5370471014492753;0.868265984714895;6204;690
got_maniac;0.875;0.8166666666666667;0.874174952507019;72;8
barrypi;0.361623615026474;0.1920819208192082;1.0784694233503729;2439;271
jtbroussard;0.0;0.0;1.0991036891937256;3;4
a_roderick23;1.0;1.0;1.0547029972076416;11;2
thronesfacts;0.6666666865348816;0.5333333333333334;0.870752581528255;376;42
mrpuzzetta;1.0;1.0;0.9868165850639343;12;2
steweaster;0.6666666865348816;0.5333333333333333;0.693300187587738;2;3
darlingpleased1;0.5;0.3333333333333333;1.071598768234253;12;2
watchbasement;1.0;1.0;0.8944964408874512;45;6
silviali;0.6000000238418579;0.4499999999999999;1.060365915298462;40;5
ghostpiss0o;0.0;0.0;1.1832737922668457;4;4
daenerys_got;1.0;0.0;0.5084835290908813;39;5
womprat_2m;1.0;0.0;0.6002606749534607;30;4
armando_yanez;0.5;0.3333333333333333;1.0797572135925293;3;4
timmysparks;1.0;0.0;0.6506181359291077;2;2
skills4u2envy;0.5;0.3333333333333333;1.0823115110397339;9;2
jjxschae;0.3333333432674408;0.16666666666666666;1.1172429323196411;3;3
ferasthrone;0.5;0.3333333333333333;1.0723941326141357;46;6
milanelloman;0.1666666716337204;0.047619047619047616;1.1606417894363403;50;6
scottpreiss;0.5;0.3333333333333333;1.10001802444458;12;2
winterfellpod;0.7222222089767456;0.6057347670250895;0.9672582679324679;324;36
altpress;1.0;1.0;0.9961310625076294;13;2
randomthrones;0.7272727489471436;0.6124401913875599;0.7641511559486389;198;22
roll4it;0.6666666865348816;0.5333333333333333;1.0431004762649536;52;6
pinkvilla;0.6785714030265808;0.5486322188449849;0.8636356592178345;248;28
quotebotmaster;0.36283186078071594;0.19319618434662686;1.2145298445119268;1012;113
goat_aus;0.25;0.1;1.106095552444458;32;4
bptml7;0.6666666865348816;0.5333333333333333;1.0734082460403442;19;3
judea05;0.3333333432674408;0.16666666666666666;1.066102385520935;52;6
tyltgeek;0.75;0.6428571428571428;0.66628497838974;31;4
oneperfectshot;0.5565217137336731;0.397959679378188;0.9960158565770025;1029;115
flash_titans;0.0;0.0;1.112635850906372;126;14
tracilala;1.0;1.0;0.996743381023407;45;5
redditfreefolk;0.6458333134651184;0.5068565400843882;0.8964612384637197;1723;192
r_h_bushell;0.20000000298023224;0.06666666666666668;1.1203771829605103;4;5
nightscast;0.4444444477558136;0.2735042735042735;1.0275280475616455;73;9
letsplays_deu;1.0;0.0;0.6296483874320984;9;2
stephenarch78;0.3333333432674408;0.16666666666666666;0.7092636227607727;2;3
obienator;0.800000011920929;0.7111111111111111;1.0518115758895874;88;10
world0fwesteros;1.0;1.0;1.0210853815078735;9;1
adamatoulon;0.3333333432674408;0.16666666666666666;1.1441203355789185;2;3
robin_anne_14;0.5;0.3333333333333333;1.0692198276519775;15;2
kristhyajimenez;0.0;0.0;1.1321040391921997;22;3
villamicika;1.0;1.0;0.6234438419342041;13;2
charitin_1;0.75;0.6428571428571428;1.0390009880065918;34;4
bibabugs;0.5;0.3333333333333333;1.0856916904449463;28;4
tvguide;0.7123287916183472;0.5926575342465753;0.8329273690916088;649;73
geekdrinkstore;1.0;1.0;0.998316764831543;35;4
sleepydragonart;0.0;0.0;0.694165825843811;2;2
thatelfnerd;0.20000000298023224;0.06666666666666668;1.1124900579452515;4;5
kasumicos;0.0;0.0;1.1431771516799927;2;3
lenabellemusic;0.3333333432674408;0.16666666666666666;1.0982779264450073;3;3
westeroshistory;0.75;0.6428571428571428;0.6764336824417114;3;4
meawwofficial;0.692307710647583;0.5664335664335665;1.0105235576629639;117;13
tracklistost;1.0;0.0;0.6042680740356445;3;3
fanglowgifts;0.8999999761581421;0.8526315789473685;0.4887111783027649;88;10
nerdflixchill;1.0;1.0;0.6727075378100077;323;36
culturecrave;0.8181818127632141;0.7363636363636363;0.9595471024513245;93;11
xfinity;0.3333333432674408;0.16666666666666666;1.096336007118225;2;3
williamfuentes;0.5;0.3333333333333333;1.0845966339111328;16;2
patchface2;0.0;0.0;1.1899690628051758;9;1
leo_ofredkeep;0.18518517911434174;0.15710215710215708;1.09244966506958;234;27
emileestarz;0.800000011920929;0.7111111111111111;1.0644344091415405;4;5
analyticmadness;0.6666666865348816;0.5333333333333333;1.0683434009552002;20;3
ew;0.6666666865348816;0.5333333333333333;0.8675857186317444;234;27
iamtherainxoxo;0.6875;0.5601851851851851;0.9189271926879883;136;16
indiewire;0.7142857313156128;0.5952380952380952;0.8486600287106573;437;49
tobibakrelyrics;0.5;0.3333333333333333;0.6970142126083374;14;2
athanalexander;0.5;0.3333333333333333;1.0889017581939697;15;2
haitiana4obama;0.0;0.0;1.124262809753418;22;3
watchersotwall;0.9354838728904724;0.9043010752688171;0.3753594160079956;274;31
luziyt;1.0;0.0;0.6172173023223877;9;2
vt31008;0.8571428656578064;0.7912087912087912;1.0010640621185303;60;7
cammie_bluesky;0.0;0.0;1.139565348625183;27;4
divinebarrelclt;1.0;1.0;0.6113583445549011;2;3
ohheyhellothere;0.75;0.6428571428571428;0.6746976971626282;4;4
kaspersky;0.0;0.0;1.1455940008163452;4;4
freefolkbot;0.6695652008056641;0.5370471014492753;0.8663986613785011;6204;690
got_maniac;0.875;0.8166666666666667;0.8608043193817139;72;8
barrypi;0.361623615026474;0.1920819208192082;1.0791712392300257;2439;271
jtbroussard;0.0;0.0;1.1032967567443848;3;4
a_roderick23;1.0;1.0;1.0459116697311401;11;2
thronesfacts;0.6666666865348816;0.5333333333333334;0.9272916004771278;376;42
mrpuzzetta;1.0;1.0;1.0260623693466187;12;2
steweaster;0.6666666865348816;0.5333333333333333;0.6908548474311829;2;3
darlingpleased1;0.5;0.3333333333333333;1.0463662147521973;12;2
watchbasement;1.0;1.0;0.992846667766571;45;6
silviali;0.6000000238418579;0.4499999999999999;1.0558170080184937;40;5
ghostpiss0o;0.0;0.0;1.1167304515838623;4;4
daenerys_got;1.0;0.0;0.544587254524231;39;5
womprat_2m;1.0;0.0;0.634791910648346;30;4
armando_yanez;0.5;0.3333333333333333;1.0893381834030151;3;4
timmysparks;1.0;0.0;0.6396374702453613;2;2
skills4u2envy;0.0;0.0;1.1400521993637085;9;2
jjxschae;0.3333333432674408;0.2222222222222222;1.0994783639907837;3;3
ferasthrone;0.5;0.3333333333333333;1.0629233121871948;46;6
milanelloman;0.1666666716337204;0.047619047619047616;1.125533938407898;50;6
scottpreiss;0.5;0.3333333333333333;1.0993428230285645;12;2
winterfellpod;0.7222222089767456;0.6057347670250895;0.9555229478412204;324;36
altpress;1.0;1.0;1.0440208911895752;13;2
randomthrones;0.7272727489471436;0.6124401913875599;0.8006225824356079;198;22
roll4it;0.6666666865348816;0.5333333333333333;1.0306862592697144;52;6
pinkvilla;0.6785714030265808;0.5486322188449849;0.8822975158691406;248;28
quotebotmaster;0.36283186078071594;0.19319618434662686;1.2342824503383805;1012;113
goat_aus;0.25;0.1;1.0970673561096191;32;4
bptml7;0.6666666865348816;0.5333333333333333;1.0572434663772583;19;3
judea05;0.5;0.44444444444444436;1.0514413118362427;52;6
tyltgeek;0.75;0.6428571428571428;0.6620578765869141;31;4
oneperfectshot;0.5565217137336731;0.397959679378188;0.9962776764579441;1029;115
flash_titans;0.0;0.0;1.1355111598968506;126;14
tracilala;1.0;1.0;0.9839279055595398;45;5
redditfreefolk;0.6458333134651184;0.5068565400843882;0.8991640706857046;1723;192
r_h_bushell;0.20000000298023224;0.06666666666666668;1.1114933490753174;4;5
nightscast;0.4444444477558136;0.2735042735042735;0.9622960686683655;73;9
letsplays_deu;1.0;0.0;0.6144630908966064;9;2
stephenarch78;0.3333333432674408;0.16666666666666666;0.7115851044654846;2;3
obienator;0.800000011920929;0.7111111111111111;1.0443795919418335;88;10
world0fwesteros;1.0;1.0;1.051354169845581;9;1
adamatoulon;0.3333333432674408;0.16666666666666666;1.1262346506118774;2;3
robin_anne_14;0.5;0.3333333333333333;1.0598344802856445;15;2
kristhyajimenez;0.3333333432674408;0.16666666666666666;1.1190086603164673;22;3
villamicika;1.0;1.0;0.6184420585632324;13;2
charitin_1;0.75;0.6428571428571428;1.0661146640777588;34;4
bibabugs;0.25;0.1;1.0932581424713135;28;4
tvguide;0.7123287916183472;0.5926575342465753;0.8391340742372486;649;73
geekdrinkstore;1.0;1.0;0.9455423355102539;35;4
sleepydragonart;0.0;0.0;0.6931507587432861;2;2
thatelfnerd;0.20000000298023224;0.06666666666666668;1.1143385171890259;4;5
kasumicos;0.3333333432674408;0.16666666666666666;1.1388064622879028;2;3
lenabellemusic;0.3333333432674408;0.16666666666666666;1.0991750955581665;3;3
westeroshistory;0.75;0.6428571428571428;0.6678481698036194;3;4
meawwofficial;0.692307710647583;0.5664335664335665;0.9341475963592529;117;13
tracklistost;1.0;0.0;0.6432846784591675;3;3
fanglowgifts;0.8999999761581421;0.8526315789473685;0.5495421886444092;88;10
nerdflixchill;1.0;1.0;0.6915717257393731;323;36
culturecrave;0.8181818127632141;0.7363636363636363;0.9530231952667236;93;11
xfinity;0.3333333432674408;0.16666666666666666;1.0993744134902954;2;3
williamfuentes;0.5;0.3333333333333333;1.0736898183822632;16;2
patchface2;0.0;0.0;1.1603401899337769;9;1
leo_ofredkeep;0.3333333432674408;0.16666666666666666;1.0979619026184082;234;27
emileestarz;0.800000011920929;0.7111111111111111;1.0346417427062988;4;5
analyticmadness;0.6666666865348816;0.5333333333333333;1.0697879791259766;20;3
ew;0.6666666865348816;0.5333333333333333;0.859320878982544;234;27
iamtherainxoxo;0.6875;0.5601851851851851;0.9195609092712402;136;16
indiewire;0.7142857313156128;0.5952380952380952;0.8567745588263687;437;49
tobibakrelyrics;0.5;0.3333333333333333;0.7020325064659119;14;2
athanalexander;0.5;0.3333333333333333;1.088422179222107;15;2
haitiana4obama;0.0;0.0;1.1021242141723633;22;3
watchersotwall;0.9354838728904724;0.9043010752688171;0.43609631061553955;274;31
luziyt;1.0;0.0;0.6318786144256592;9;2
vt31008;0.8571428656578064;0.7912087912087912;1.0132472515106201;60;7
cammie_bluesky;0.0;0.0;1.1273733377456665;27;4
divinebarrelclt;1.0;1.0;0.6346321702003479;2;3
ohheyhellothere;0.75;0.6428571428571428;0.6608695983886719;4;4
kaspersky;0.5;0.3333333333333333;1.1099228858947754;4;4
freefolkbot;0.6695652008056641;0.5370471014492753;0.870647977054983;6204;690
got_maniac;0.875;0.8166666666666667;0.8532187938690186;72;8
barrypi;0.361623615026474;0.1920819208192082;1.0792257033590902;2439;271
jtbroussard;0.25;0.4;1.0976853370666504;3;4
a_roderick23;1.0;1.0;1.0459794998168945;11;2
thronesfacts;0.6666666865348816;0.5333333333333334;0.9177636191958473;376;42
mrpuzzetta;1.0;1.0;1.03589928150177;12;2
steweaster;0.3333333432674408;0.16666666666666666;0.6942024230957031;2;3
darlingpleased1;0.5;0.3333333333333333;1.071134328842163;12;2
watchbasement;1.0;1.0;0.9715847969055176;45;6
silviali;0.4000000059604645;0.2285714285714286;1.0514512062072754;40;5
ghostpiss0o;0.0;0.0;1.1325948238372803;4;4
daenerys_got;1.0;0.0;0.5998504161834717;39;5
womprat_2m;1.0;0.0;0.6346128582954407;30;4
armando_yanez;0.5;0.3333333333333333;1.0765860080718994;3;4
timmysparks;1.0;0.0;0.6491692662239075;2;2
skills4u2envy;0.5;0.3333333333333333;1.1131460666656494;9;2
jjxschae;0.3333333432674408;0.16666666666666666;1.0996559858322144;3;3
ferasthrone;0.5;0.3333333333333333;1.0819023847579956;46;6
milanelloman;0.3333333432674408;0.25;1.1078590154647827;50;6
scottpreiss;0.5;0.3333333333333333;1.1038037538528442;12;2
winterfellpod;0.7222222089767456;0.6057347670250895;0.936754412121243;324;36
altpress;1.0;1.0;1.023163914680481;13;2
randomthrones;0.7272727489471436;0.6124401913875599;0.7773836255073547;198;22
roll4it;0.6666666865348816;0.5333333333333333;1.0440727472305298;52;6
pinkvilla;0.6785714030265808;0.5486322188449849;0.8551195859909058;248;28
quotebotmaster;0.36283186078071594;0.19319618434662686;1.2205562981884037;1012;113
goat_aus;0.25;0.1;1.098418951034546;32;4
bptml7;0.6666666865348816;0.5333333333333333;1.058393955230713;19;3
judea05;0.3333333432674408;0.16666666666666666;1.0307282209396362;52;6
tyltgeek;0.75;0.6428571428571428;0.6614555716514587;31;4
oneperfectshot;0.5565217137336731;0.397959679378188;0.9962063955224079;1029;115
flash_titans;0.0;0.0;1.1200191974639893;126;14
tracilala;1.0;1.0;0.9599887132644653;45;5
redditfreefolk;0.6458333134651184;0.5068565400843882;0.8988461097081503;1723;192
r_h_bushell;0.20000000298023224;0.06666666666666668;1.1167386770248413;4;5
nightscast;0.4444444477558136;0.2735042735042735;0.9816677570343018;73;9
letsplays_deu;1.0;0.0;0.651364266872406;9;2
stephenarch78;0.3333333432674408;0.16666666666666666;0.7409620881080627;2;3
obienator;0.800000011920929;0.7111111111111111;1.0655869245529175;88;10
world0fwesteros;1.0;1.0;0.9826858639717102;9;1
adamatoulon;0.0;0.0;1.1377886533737183;2;3
robin_anne_14;0.5;0.3333333333333333;1.0815461874008179;15;2
kristhyajimenez;0.3333333432674408;0.16666666666666666;1.1244125366210938;22;3
villamicika;1.0;1.0;0.6446245908737183;13;2
charitin_1;0.75;0.6428571428571428;1.0891914367675781;34;4
bibabugs;0.5;0.3333333333333333;1.0749269723892212;28;4
tvguide;0.7123287916183472;0.5926575342465753;0.8350182020500915;649;73
geekdrinkstore;1.0;1.0;0.9800606369972229;35;4
sleepydragonart;1.0;1.0;0.6927118301391602;2;2
thatelfnerd;0.20000000298023224;0.06666666666666668;1.1109654903411865;4;5
kasumicos;0.0;0.0;1.126534342765808;2;3
lenabellemusic;0.3333333432674408;0.16666666666666666;1.0929436683654785;3;3
westeroshistory;0.75;0.6428571428571428;0.6622673869132996;3;4
meawwofficial;0.692307710647583;0.5664335664335665;0.9518775343894958;117;13
tracklistost;1.0;0.0;0.6117820143699646;3;3
fanglowgifts;0.8999999761581421;0.8526315789473685;0.46296316385269165;88;10
nerdflixchill;1.0;1.0;0.679920064078437;323;36
culturecrave;0.8181818127632141;0.7363636363636363;0.8770391941070557;93;11
xfinity;0.3333333432674408;0.16666666666666666;1.0855501890182495;2;3
williamfuentes;0.5;0.3333333333333333;1.0912871360778809;16;2
patchface2;0.0;0.0;1.1962851285934448;9;1
leo_ofredkeep;0.2222222238779068;0.16021001844756635;1.0891382694244385;234;27
emileestarz;0.800000011920929;0.7111111111111111;1.0438578128814697;4;5
analyticmadness;0.3333333432674408;0.16666666666666666;1.065952181816101;20;3
ew;0.6666666865348816;0.5333333333333333;0.8487259149551392;234;27
iamtherainxoxo;0.6875;0.5601851851851851;0.8976112604141235;136;16
indiewire;0.7142857313156128;0.5952380952380952;0.8459688242600889;437;49
tobibakrelyrics;0.5;0.3333333333333333;0.6910378336906433;14;2
athanalexander;0.5;0.3333333333333333;1.0874245166778564;15;2
haitiana4obama;0.0;0.0;1.1111136674880981;22;3
watchersotwall;0.9354838728904724;0.9043010752688171;0.36215099692344666;274;31
luziyt;1.0;0.0;0.6265966892242432;9;2
vt31008;0.8571428656578064;0.7912087912087912;1.0047873258590698;60;7
cammie_bluesky;0.0;0.0;1.1309622526168823;27;4
divinebarrelclt;1.0;1.0;0.6080792546272278;2;3
ohheyhellothere;0.75;0.6428571428571428;0.6807531118392944;4;4
kaspersky;0.5;0.3333333333333333;1.1059832572937012;4;4
freefolkbot;0.6695652008056641;0.5370471014492753;0.864875198447186;6204;690
got_maniac;0.875;0.8166666666666667;0.8987815380096436;72;8
barrypi;0.361623615026474;0.1920819208192082;1.0793695744553176;2439;271
jtbroussard;0.5;0.6666666666666666;1.0947314500808716;3;4
