a_roderick23;1.0;1.0;1.0806154012680054;11;2
thronesfacts;0.6666666865348816;0.5333333333333334;0.9202224924450829;376;42
mrpuzzetta;1.0;1.0;1.0769888162612915;12;2
steweaster;0.6666666865348816;0.5333333333333333;0.6923556327819824;2;3
darlingpleased1;0.5;0.3333333333333333;1.0917011499404907;12;2
watchbasement;1.0;1.0;1.068793773651123;45;6
silviali;0.6000000238418579;0.4499999999999999;1.0778939723968506;40;5
ghostpiss0o;0.0;0.0;1.1066266298294067;4;4
daenerys_got;1.0;0.0;0.6646183729171753;39;5
womprat_2m;1.0;0.0;0.675213634967804;30;4
armando_yanez;0.5;0.3333333333333333;1.0938550233840942;3;4
timmysparks;1.0;0.0;0.6727200150489807;2;2
skills4u2envy;0.5;0.3333333333333333;1.1030099391937256;9;2
jjxschae;0.3333333432674408;0.16666666666666666;1.0986090898513794;3;3
ferasthrone;0.5;0.3333333333333333;1.0859240293502808;46;6
milanelloman;0.1666666716337204;0.047619047619047616;1.1088109016418457;50;6
scottpreiss;0.5;0.3333333333333333;1.098630428314209;12;2
winterfellpod;0.7222222089767456;0.6057347670250895;1.0246194336149428;324;36
altpress;1.0;1.0;1.0815048217773438;13;2
randomthrones;0.7272727489471436;0.6124401913875599;1.0024231672286987;198;22
roll4it;0.6666666865348816;0.5333333333333333;1.0761549472808838;52;6
pinkvilla;0.6785714030265808;0.5486322188449849;1.0003234148025513;248;28
quotebotmaster;0.36283186078071594;0.19319618434662686;1.2174974215769134;1012;113
goat_aus;0.25;0.1;1.1000587940216064;32;4
bptml7;0.6666666865348816;0.5333333333333333;1.086899757385254;19;3
judea05;0.3333333432674408;0.16666666666666666;1.0901602506637573;52;6
tyltgeek;0.75;0.6428571428571428;0.6822112798690796;31;4
oneperfectshot;0.5565217137336731;0.397959679378188;1.00131488053695;1029;115
flash_titans;0.0;0.0;1.099021077156067;126;14
tracilala;1.0;1.0;1.060989260673523;45;5
redditfreefolk;0.6458333134651184;0.5068565400843882;0.8971658051013947;1723;192
r_h_bushell;0.20000000298023224;0.06666666666666668;1.1019835472106934;4;5
nightscast;0.4444444477558136;0.2735042735042735;1.0796709060668945;73;9
letsplays_deu;1.0;0.0;0.6784152984619141;9;2
stephenarch78;0.3333333432674408;0.16666666666666666;0.697865903377533;2;3
obienator;0.800000011920929;0.7111111111111111;1.0887644290924072;88;10
world0fwesteros;1.0;1.0;1.0737472772598267;9;1
adamatoulon;0.3333333432674408;0.16666666666666666;1.1064090728759766;2;3
robin_anne_14;0.5;0.3333333333333333;1.0911917686462402;15;2
kristhyajimenez;0.3333333432674408;0.16666666666666666;1.1082457304000854;22;3
villamicika;1.0;1.0;0.6707878112792969;13;2
charitin_1;0.75;0.6428571428571428;1.085041880607605;34;4
bibabugs;0.25;0.1;1.0962786674499512;28;4
tvguide;0.7123287916183472;0.5926575342465753;0.8386290040734696;649;73
geekdrinkstore;1.0;1.0;1.0464760065078735;35;4
sleepydragonart;1.0;1.0;0.6927458643913269;2;2
thatelfnerd;0.20000000298023224;0.06666666666666668;1.1031774282455444;4;5
kasumicos;0.3333333432674408;0.3333333333333333;1.1066774129867554;2;3
lenabellemusic;0.3333333432674408;0.16666666666666666;1.0987752676010132;3;3
westeroshistory;0.75;0.6428571428571428;0.6825459003448486;3;4
meawwofficial;0.692307710647583;0.5664335664335665;1.0526905059814453;117;13
tracklistost;1.0;0.0;0.6760484576225281;3;3
fanglowgifts;0.8999999761581421;0.8526315789473685;0.6514341235160828;88;10
nerdflixchill;1.0;1.0;0.883865045176612;323;36
culturecrave;0.8181818127632141;0.7363636363636363;1.038238525390625;93;11
xfinity;0.3333333432674408;0.16666666666666666;1.0987190008163452;2;3
williamfuentes;0.5;0.3333333333333333;1.0916401147842407;16;2
patchface2;0.0;0.0;1.1118825674057007;9;1
leo_ofredkeep;0.3333333432674408;0.16666666666666666;1.0937293767929077;234;27
emileestarz;0.800000011920929;0.7111111111111111;1.0857454538345337;4;5
analyticmadness;0.6666666865348816;0.5333333333333333;1.0827792882919312;20;3
ew;0.6666666865348816;0.5333333333333333;0.9870105385780334;234;27
iamtherainxoxo;0.6875;0.5601851851851851;1.0392742156982422;136;16
indiewire;0.7142857313156128;0.5952380952380952;0.86944880047623;437;49
tobibakrelyrics;0.5;0.3333333333333333;0.693431556224823;14;2
athanalexander;0.5;0.3333333333333333;1.0873050689697266;15;2
haitiana4obama;0.0;0.0;1.1013191938400269;22;3
watchersotwall;0.9354838728904724;0.9043010752688171;0.8005243539810181;274;31
luziyt;1.0;0.0;0.6760528683662415;9;2
vt31008;0.8571428656578064;0.7912087912087912;1.0707066059112549;60;7
cammie_bluesky;0.0;0.0;1.1123216152191162;27;4
divinebarrelclt;1.0;1.0;0.6723935604095459;2;3
ohheyhellothere;0.75;0.6428571428571428;0.6851268410682678;4;4
kaspersky;0.0;0.0;1.1063330173492432;4;4
freefolkbot;0.6695652008056641;0.5370471014492753;0.8673807897429535;6204;690
got_maniac;0.875;0.8166666666666667;1.0350687503814697;72;8
barrypi;0.361623615026474;0.1920819208192082;1.0794456726510586;2439;271
jtbroussard;0.0;0.0;1.0985662937164307;3;4
a_roderick23;1.0;1.0;1.0793110132217407;11;2
thronesfacts;0.6666666865348816;0.5333333333333334;0.8955801072574797;376;42
mrpuzzetta;1.0;1.0;1.0768808126449585;12;2
steweaster;0.3333333432674408;0.16666666666666666;0.6934430003166199;2;3
darlingpleased1;0.5;0.3333333333333333;1.0908470153808594;12;2
watchbasement;1.0;1.0;1.058392882347107;45;6
silviali;0.4000000059604645;0.2285714285714286;1.0735712051391602;40;5
ghostpiss0o;0.0;0.0;1.1097694635391235;4;4
daenerys_got;1.0;0.0;0.656406581401825;39;5
womprat_2m;1.0;0.0;0.6727285385131836;30;4
armando_yanez;0.5;0.3333333333333333;1.0947202444076538;3;4
timmysparks;1.0;0.0;0.6770070791244507;2;2
skills4u2envy;0.5;0.3333333333333333;1.1039581298828125;9;2
jjxschae;0.3333333432674408;0.16666666666666666;1.0985671281814575;3;3
ferasthrone;0.5;0.3333333333333333;1.0869364738464355;46;6
milanelloman;0.1666666716337204;0.047619047619047616;1.103967308998108;50;6
scottpreiss;0.5;0.3333333333333333;1.0987544059753418;12;2
winterfellpod;0.7222222089767456;0.6057347670250895;0.971861826048957;324;36
altpress;1.0;1.0;1.0779027938842773;13;2
randomthrones;0.7272727489471436;0.6124401913875599;0.9978427886962891;198;22
roll4it;0.6666666865348816;0.5333333333333333;1.0726557970046997;52;6
pinkvilla;0.6785714030265808;0.5486322188449849;1.0103811025619507;248;28
quotebotmaster;0.36283186078071594;0.19319618434662686;1.206158768814222;1012;113
goat_aus;0.25;0.1;1.1002326011657715;32;4
bptml7;0.6666666865348816;0.5333333333333333;1.0897778272628784;19;3
judea05;0.3333333432674408;0.16666666666666666;1.0911293029785156;52;6
tyltgeek;0.75;0.6428571428571428;0.6855362057685852;31;4
oneperfectshot;0.5565217137336731;0.397959679378188;0.9952026584874029;1029;115
flash_titans;0.0;0.0;1.1007131338119507;126;14
tracilala;1.0;1.0;1.0589333772659302;45;5
redditfreefolk;0.6458333134651184;0.5068565400843882;0.8980254530906677;1723;192
r_h_bushell;0.20000000298023224;0.06666666666666668;1.1006568670272827;4;5
nightscast;0.4444444477558136;0.2735042735042735;1.06620454788208;73;9
letsplays_deu;1.0;0.0;0.6705101728439331;9;2
stephenarch78;0.3333333432674408;0.16666666666666666;0.697213351726532;2;3
obienator;0.800000011920929;0.7111111111111111;1.0773355960845947;88;10
world0fwesteros;1.0;1.0;1.0760725736618042;9;1
adamatoulon;0.3333333432674408;0.16666666666666666;1.108985424041748;2;3
robin_anne_14;0.5;0.3333333333333333;1.090001106262207;15;2
kristhyajimenez;0.3333333432674408;0.16666666666666666;1.1063441038131714;22;3
villamicika;1.0;1.0;0.6787543296813965;13;2
charitin_1;0.0;0.0;1.0990196466445923;34;4
bibabugs;0.25;0.1;1.0967397689819336;28;4
tvguide;0.7123287916183472;0.5926575342465753;0.8390216125200872;649;73
geekdrinkstore;1.0;1.0;1.057002305984497;35;4
sleepydragonart;1.0;1.0;0.692805290222168;2;2
thatelfnerd;0.20000000298023224;0.06666666666666668;1.1020575761795044;4;5
kasumicos;0.0;0.0;1.1118073463439941;2;3
lenabellemusic;0.3333333432674408;0.16666666666666666;1.0986922979354858;3;3
westeroshistory;0.75;0.6428571428571428;0.6855530142784119;3;4
meawwofficial;0.692307710647583;0.5664335664335665;1.0424658060073853;117;13
tracklistost;1.0;0.0;0.6702654957771301;3;3
fanglowgifts;0.8999999761581421;0.8526315789473685;0.6460617780685425;88;10
nerdflixchill;1.0;1.0;0.8104603621694777;323;36
culturecrave;0.8181818127632141;0.7363636363636363;1.0350971221923828;93;11
xfinity;0.3333333432674408;0.16666666666666666;1.0987721681594849;2;3
williamfuentes;0.5;0.3333333333333333;1.095424771308899;16;2
patchface2;0.0;0.0;1.1176332235336304;9;1
leo_ofredkeep;0.40740740299224854;0.23586744639376214;1.0870773792266846;234;27
emileestarz;0.800000011920929;0.7111111111111111;1.0861648321151733;4;5
analyticmadness;0.6666666865348816;0.5333333333333333;1.0861775875091553;20;3
ew;0.6666666865348816;0.5333333333333333;0.9725155830383301;234;27
iamtherainxoxo;0.6875;0.5601851851851851;1.0357903242111206;136;16
indiewire;0.7142857313156128;0.5952380952380952;0.8668110090859082;437;49
tobibakrelyrics;0.5;0.3333333333333333;0.6935443878173828;14;2
athanalexander;0.5;0.3333333333333333;1.0897066593170166;15;2
haitiana4obama;0.0;0.0;1.0993919372558594;22;3
watchersotwall;0.9354838728904724;0.9043010752688171;0.8459330201148987;274;31
luziyt;1.0;0.0;0.6779642105102539;9;2
vt31008;0.8571428656578064;0.7912087912087912;1.0679569244384766;60;7
cammie_bluesky;0.0;0.0;1.1131914854049683;27;4
divinebarrelclt;1.0;1.0;0.6771158576011658;2;3
ohheyhellothere;0.75;0.6428571428571428;0.6855068206787109;4;4
kaspersky;0.0;0.0;1.1034547090530396;4;4
freefolkbot;0.6695652008056641;0.5370471014492753;0.8680397284203681;6204;690
got_maniac;0.875;0.8166666666666667;1.0567413568496704;72;8
barrypi;0.361623615026474;0.1920819208192082;1.080362438715692;2439;271
jtbroussard;0.0;0.0;1.0990722179412842;3;4
a_roderick23;1.0;1.0;1.0792769193649292;11;2
thronesfacts;0.6666666865348816;0.5333333333333334;0.9230081694466727;376;42
mrpuzzetta;1.0;1.0;1.0712637901306152;12;2
steweaster;0.0;0.0;0.6935982704162598;2;3
darlingpleased1;0.5;0.3333333333333333;1.0909123420715332;12;2
watchbasement;1.0;1.0;1.060691237449646;45;6
silviali;0.4000000059604645;0.2285714285714286;1.0855975151062012;40;5
ghostpiss0o;0.0;0.0;1.1128249168395996;4;4
daenerys_got;1.0;0.0;0.6607152819633484;39;5
womprat_2m;1.0;0.0;0.6746819615364075;30;4
armando_yanez;0.5;0.3333333333333333;1.0919386148452759;3;4
timmysparks;1.0;0.0;0.674538791179657;2;2
skills4u2envy;0.0;0.0;1.1077104806900024;9;2
jjxschae;0.3333333432674408;0.16666666666666666;1.0986204147338867;3;3
ferasthrone;0.5;0.3333333333333333;1.0909899473190308;46;6
milanelloman;0.1666666716337204;0.047619047619047616;1.1009100675582886;50;6
scottpreiss;0.5;0.3333333333333333;1.0988588333129883;12;2
winterfellpod;0.7222222089767456;0.6057347670250895;1.039159615834554;324;36
altpress;1.0;1.0;1.0727335214614868;13;2
randomthrones;0.7272727489471436;0.6124401913875599;0.9777373671531677;198;22
roll4it;0.6666666865348816;0.5333333333333333;1.073335886001587;52;6
pinkvilla;0.6785714030265808;0.5486322188449849;0.9913660287857056;248;28
quotebotmaster;0.36283186078071594;0.19319618434662686;1.2292476491590516;1012;113
goat_aus;0.25;0.1;1.102076768875122;32;4
bptml7;0.6666666865348816;0.5333333333333333;1.090196967124939;19;3
judea05;0.6666666865348816;0.5333333333333333;1.0741502046585083;52;6
tyltgeek;0.75;0.6428571428571428;0.6844908595085144;31;4
oneperfectshot;0.5565217137336731;0.397959679378188;0.9948300164678823;1029;115
flash_titans;0.0;0.0;1.096771001815796;126;14
tracilala;1.0;1.0;1.068938136100769;45;5
redditfreefolk;0.6458333134651184;0.5068565400843882;0.8959429661432902;1723;192
r_h_bushell;0.20000000298023224;0.06666666666666668;1.1020846366882324;4;5
nightscast;0.4444444477558136;0.2735042735042735;1.0572094917297363;73;9
letsplays_deu;1.0;0.0;0.6765654683113098;9;2
stephenarch78;0.3333333432674408;0.16666666666666666;0.7007520794868469;2;3
obienator;0.800000011920929;0.7111111111111111;1.0830353498458862;88;10
world0fwesteros;1.0;1.0;1.0735199451446533;9;1
adamatoulon;0.0;0.0;1.1127415895462036;2;3
robin_anne_14;0.5;0.3333333333333333;1.0904831886291504;15;2
kristhyajimenez;0.3333333432674408;0.16666666666666666;1.1048372983932495;22;3
villamicika;1.0;1.0;0.6676818132400513;13;2
charitin_1;0.75;0.6428571428571428;1.0887138843536377;34;4
bibabugs;0.5;0.3333333333333333;1.0937297344207764;28;4
tvguide;0.7123287916183472;0.5926575342465753;0.8359053886100037;649;73
geekdrinkstore;1.0;1.0;1.050899863243103;35;4
sleepydragonart;0.0;0.0;0.6933208703994751;2;2
thatelfnerd;0.20000000298023224;0.06666666666666668;1.1035001277923584;4;5
kasumicos;0.3333333432674408;0.3333333333333333;1.107068657875061;2;3
lenabellemusic;0.3333333432674408;0.16666666666666666;1.0986900329589844;3;3
westeroshistory;0.75;0.6428571428571428;0.6831768751144409;3;4
meawwofficial;0.692307710647583;0.5664335664335665;1.0425479412078857;117;13
tracklistost;1.0;0.0;0.6752145886421204;3;3
fanglowgifts;0.8999999761581421;0.8526315789473685;0.638172447681427;88;10
nerdflixchill;1.0;1.0;0.9047040144602457;323;36
culturecrave;0.8181818127632141;0.7363636363636363;1.0522480010986328;93;11
xfinity;0.3333333432674408;0.16666666666666666;1.0987480878829956;2;3
williamfuentes;0.5;0.3333333333333333;1.0937159061431885;16;2
patchface2;0.0;0.0;1.1161401271820068;9;1
leo_ofredkeep;0.3333333432674408;0.16666666666666666;1.0871741771697998;234;27
emileestarz;0.800000011920929;0.7111111111111111;1.087720513343811;4;5
analyticmadness;0.3333333432674408;0.16666666666666666;1.0857816934585571;20;3
ew;0.6666666865348816;0.5333333333333333;0.9954062104225159;234;27
iamtherainxoxo;0.6875;0.5601851851851851;1.0308880805969238;136;16
indiewire;0.7142857313156128;0.5952380952380952;0.8849789074489048;437;49
tobibakrelyrics;0.5;0.3333333333333333;0.6933588981628418;14;2
athanalexander;0.5;0.3333333333333333;1.0924670696258545;15;2
haitiana4obama;0.0;0.0;1.1013630628585815;22;3
watchersotwall;0.9354838728904724;0.9043010752688171;0.7693027257919312;274;31
luziyt;1.0;0.0;0.6736525893211365;9;2
vt31008;0.8571428656578064;0.7912087912087912;1.0574291944503784;60;7
cammie_bluesky;0.0;0.0;1.1113594770431519;27;4
divinebarrelclt;1.0;1.0;0.6796333193778992;2;3
ohheyhellothere;0.75;0.6428571428571428;0.6835647225379944;4;4
kaspersky;0.5;0.3333333333333333;1.1036847829818726;4;4
freefolkbot;0.6695652008056641;0.5370471014492753;0.8677206122356912;6204;690
got_maniac;0.875;0.8166666666666667;1.0402146577835083;72;8
barrypi;0.361623615026474;0.1920819208192082;1.0795957338326092;2439;271
jtbroussard;0.0;0.0;1.0988112688064575;3;4
a_roderick23;1.0;1.0;1.0791723728179932;11;2
thronesfacts;0.6666666865348816;0.5333333333333334;0.9349437412761507;376;42
mrpuzzetta;1.0;1.0;1.074046015739441;12;2
steweaster;0.3333333432674408;0.16666666666666666;0.6935470700263977;2;3
darlingpleased1;0.5;0.3333333333333333;1.090691089630127;12;2
watchbasement;1.0;1.0;1.0519543886184692;45;6
silviali;0.6000000238418579;0.4499999999999999;1.0728908777236938;40;5
ghostpiss0o;0.0;0.0;1.113774299621582;4;4
daenerys_got;1.0;0.0;0.664080023765564;39;5
womprat_2m;1.0;0.0;0.6735550761222839;30;4
armando_yanez;0.5;0.3333333333333333;1.092748999595642;3;4
timmysparks;1.0;0.0;0.6769660115242004;2;2
skills4u2envy;0.5;0.3333333333333333;1.101757526397705;9;2
jjxschae;0.3333333432674408;0.16666666666666666;1.0986257791519165;3;3
ferasthrone;0.5;0.3333333333333333;1.0843892097473145;46;6
milanelloman;0.1666666716337204;0.047619047619047616;1.1015793085098267;50;6
scottpreiss;0.5;0.3333333333333333;1.098832130432129;12;2
winterfellpod;0.7222222089767456;0.6057347670250895;0.9440062840779623;324;36
altpress;1.0;1.0;1.0765330791473389;13;2
randomthrones;0.7272727489471436;0.6124401913875599;0.9801841378211975;198;22
roll4it;0.6666666865348816;0.5333333333333333;1.0839354991912842;52;6
pinkvilla;0.6785714030265808;0.5486322188449849;1.0172197818756104;248;28
quotebotmaster;0.36283186078071594;0.19319618434662686;1.216053723233991;1012;113
goat_aus;0.25;0.1;1.1013011932373047;32;4
bptml7;0.6666666865348816;0.5333333333333333;1.0796046257019043;19;3
judea05;0.3333333432674408;0.16666666666666666;1.0849814414978027;52;6
tyltgeek;0.75;0.6428571428571428;0.6856094598770142;31;4
oneperfectshot;0.5565217137336731;0.397959679378188;0.9945133385450944;1029;115
flash_titans;0.0;0.0;1.1019517183303833;126;14
tracilala;1.0;1.0;1.048287034034729;45;5
redditfreefolk;0.6458333134651184;0.5068565400843882;0.8968811631202698;1723;192
r_h_bushell;0.20000000298023224;0.06666666666666668;1.1045238971710205;4;5
nightscast;0.5555555820465088;0.39682539682539686;1.073050856590271;73;9
letsplays_deu;1.0;0.0;0.6764634847640991;9;2
stephenarch78;0.3333333432674408;0.16666666666666666;0.7004818916320801;2;3
obienator;0.800000011920929;0.7111111111111111;1.0769798755645752;88;10
world0fwesteros;1.0;1.0;1.0658408403396606;9;1
adamatoulon;0.3333333432674408;0.16666666666666666;1.1098378896713257;2;3
robin_anne_14;0.5;0.3333333333333333;1.092313528060913;15;2
kristhyajimenez;0.3333333432674408;0.16666666666666666;1.1085082292556763;22;3
villamicika;1.0;1.0;0.6782415509223938;13;2
charitin_1;0.75;0.6428571428571428;1.091551661491394;34;4
bibabugs;0.5;0.3333333333333333;1.0955348014831543;28;4
tvguide;0.7123287916183472;0.5926575342465753;0.8384169323803627;649;73
geekdrinkstore;1.0;1.0;1.054290771484375;35;4
sleepydragonart;0.0;0.0;0.6933996081352234;2;2
thatelfnerd;0.20000000298023224;0.06666666666666668;1.1023633480072021;4;5
kasumicos;0.0;0.0;1.1108845472335815;2;3
lenabellemusic;0.3333333432674408;0.16666666666666666;1.0986837148666382;3;3
westeroshistory;0.75;0.6428571428571428;0.6823105216026306;3;4
meawwofficial;0.692307710647583;0.5664335664335665;1.0437499284744263;117;13
tracklistost;1.0;0.0;0.6638314127922058;3;3
fanglowgifts;0.8999999761581421;0.8526315789473685;0.6539154052734375;88;10
nerdflixchill;1.0;1.0;0.7875884175300598;323;36
culturecrave;0.8181818127632141;0.7363636363636363;1.0523200035095215;93;11
xfinity;0.3333333432674408;0.16666666666666666;1.098692774772644;2;3
williamfuentes;0.5;0.3333333333333333;1.0978169441223145;16;2
patchface2;0.0;0.0;1.117160439491272;9;1
leo_ofredkeep;0.3333333432674408;0.16666666666666666;1.087660789489746;234;27
emileestarz;0.800000011920929;0.7111111111111111;1.0817720890045166;4;5
analyticmadness;0.6666666865348816;0.5333333333333333;1.0842918157577515;20;3
ew;0.6666666865348816;0.5333333333333333;0.97339928150177;234;27
iamtherainxoxo;0.6875;0.5601851851851851;1.0522154569625854;136;16
indiewire;0.7142857313156128;0.5952380952380952;0.8628646183987053;437;49
tobibakrelyrics;0.5;0.3333333333333333;0.6934152245521545;14;2
athanalexander;0.5;0.3333333333333333;1.0929253101348877;15;2
haitiana4obama;0.0;0.0;1.105153203010559;22;3
watchersotwall;0.9354838728904724;0.9043010752688171;0.742813766002655;274;31
luziyt;1.0;0.0;0.6764484643936157;9;2
vt31008;0.8571428656578064;0.7912087912087912;1.064818024635315;60;7
cammie_bluesky;0.0;0.0;1.1110674142837524;27;4
divinebarrelclt;1.0;1.0;0.6765827536582947;2;3
ohheyhellothere;0.75;0.6428571428571428;0.6870087385177612;4;4
kaspersky;0.5;0.3333333333333333;1.1013362407684326;4;4
freefolkbot;0.6695652008056641;0.5370471014492753;0.8677716706110083;6204;690
got_maniac;0.875;0.8166666666666667;1.0477359294891357;72;8
barrypi;0.361623615026474;0.1920819208192082;1.0799580372567545;2439;271
jtbroussard;0.0;0.0;1.0989505052566528;3;4
a_roderick23;1.0;1.0;1.0820436477661133;11;2
thronesfacts;0.6666666865348816;0.5333333333333334;0.9608556599844069;376;42
mrpuzzetta;1.0;1.0;1.0789375305175781;12;2
steweaster;0.6666666865348816;0.6666666666666666;0.6930878162384033;2;3
darlingpleased1;0.5;0.3333333333333333;1.0890148878097534;12;2
watchbasement;1.0;1.0;1.0463992357254028;45;6
silviali;0.4000000059604645;0.2285714285714286;1.08298659324646;40;5
ghostpiss0o;0.0;0.0;1.108023762702942;4;4
daenerys_got;1.0;0.0;0.6514478921890259;39;5
womprat_2m;1.0;0.0;0.6678650975227356;30;4
armando_yanez;0.5;0.3333333333333333;1.0940521955490112;3;4
timmysparks;1.0;0.0;0.6721673607826233;2;2
skills4u2envy;0.5;0.3333333333333333;1.1024744510650635;9;2
jjxschae;0.3333333432674408;0.16666666666666666;1.0987898111343384;3;3
ferasthrone;0.5;0.3333333333333333;1.0846794843673706;46;6
milanelloman;0.1666666716337204;0.047619047619047616;1.1016885042190552;50;6
scottpreiss;0.5;0.3333333333333333;1.0995161533355713;12;2
winterfellpod;0.7222222089767456;0.6057347670250895;1.0163082944022284;324;36
altpress;1.0;1.0;1.078752040863037;13;2
randomthrones;0.7272727489471436;0.6124401913875599;1.0073578357696533;198;22
roll4it;0.6666666865348816;0.5333333333333333;1.0760611295700073;52;6
pinkvilla;0.6785714030265808;0.5486322188449849;0.9913403391838074;248;28
quotebotmaster;0.36283186078071594;0.19319618434662686;1.2195415686717075;1012;113
goat_aus;0.25;0.1;1.0981667041778564;32;4
bptml7;0.6666666865348816;0.5333333333333333;1.0858756303787231;19;3
judea05;0.3333333432674408;0.16666666666666666;1.0802617073059082;52;6
tyltgeek;0.75;0.6428571428571428;0.6857706308364868;31;4
oneperfectshot;0.5565217137336731;0.397959679378188;0.9968344937200132;1029;115
flash_titans;0.0;0.0;1.1101704835891724;126;14
tracilala;1.0;1.0;1.057974934577942;45;5
redditfreefolk;0.6458333134651184;0.5068565400843882;0.8966982463995615;1723;192
r_h_bushell;0.20000000298023224;0.06666666666666668;1.1032731533050537;4;5
nightscast;0.4444444477558136;0.2735042735042735;1.065096139907837;73;9
letsplays_deu;1.0;0.0;0.6790194511413574;9;2
stephenarch78;0.3333333432674408;0.16666666666666666;0.7005953192710876;2;3
obienator;0.800000011920929;0.7111111111111111;1.0793373584747314;88;10
world0fwesteros;1.0;1.0;1.07245934009552;9;1
adamatoulon;0.3333333432674408;0.16666666666666666;1.1102441549301147;2;3
robin_anne_14;0.5;0.3333333333333333;1.0910909175872803;15;2
kristhyajimenez;0.0;0.0;1.1101782321929932;22;3
villamicika;1.0;1.0;0.6662218570709229;13;2
charitin_1;0.75;0.6428571428571428;1.0858081579208374;34;4
bibabugs;0.5;0.3333333333333333;1.0961190462112427;28;4
tvguide;0.7123287916183472;0.5926575342465753;0.8394951461112663;649;73
geekdrinkstore;1.0;1.0;1.0528279542922974;35;4
sleepydragonart;0.0;0.0;0.6932933330535889;2;2
thatelfnerd;0.20000000298023224;0.06666666666666668;1.1024723052978516;4;5
kasumicos;0.0;0.0;1.1096338033676147;2;3
lenabellemusic;0.3333333432674408;0.16666666666666666;1.09844172000885;3;3
westeroshistory;0.75;0.6428571428571428;0.6834914684295654;3;4
meawwofficial;0.692307710647583;0.5664335664335665;1.062190294265747;117;13
tracklistost;1.0;0.0;0.6671726107597351;3;3
fanglowgifts;0.8999999761581421;0.8526315789473685;0.6484470367431641;88;10
nerdflixchill;1.0;1.0;0.8341060744391547;323;36
culturecrave;0.8181818127632141;0.7363636363636363;1.055313229560852;93;11
xfinity;0.3333333432674408;0.16666666666666666;1.098760962486267;2;3
williamfuentes;0.5;0.3333333333333333;1.0923935174942017;16;2
patchface2;0.0;0.0;1.1112390756607056;9;1
leo_ofredkeep;0.3333333432674408;0.16666666666666666;1.0880478620529175;234;27
emileestarz;0.800000011920929;0.7111111111111111;1.0821740627288818;4;5
analyticmadness;0.6666666865348816;0.5333333333333333;1.0869899988174438;20;3
ew;0.6666666865348816;0.5333333333333333;0.9791750907897949;234;27
iamtherainxoxo;0.6875;0.5601851851851851;1.0352863073349;136;16
indiewire;0.7142857313156128;0.5952380952380952;0.9065366411695674;437;49
tobibakrelyrics;0.5;0.3333333333333333;0.6933209896087646;14;2
athanalexander;0.5;0.3333333333333333;1.0951248407363892;15;2
haitiana4obama;0.6666666865348816;0.5333333333333333;1.0971219539642334;22;3
watchersotwall;0.9354838728904724;0.9043010752688171;0.7845976948738098;274;31
luziyt;1.0;0.0;0.6706740260124207;9;2
vt31008;0.8571428656578064;0.7912087912087912;1.0666520595550537;60;7
cammie_bluesky;0.0;0.0;1.110584020614624;27;4
divinebarrelclt;1.0;1.0;0.6684955954551697;2;3
ohheyhellothere;0.75;0.6428571428571428;0.6855107545852661;4;4
kaspersky;0.5;0.3333333333333333;1.1047389507293701;4;4
freefolkbot;0.6695652008056641;0.5370471014492753;0.8663057937138322;6204;690
got_maniac;0.875;0.8166666666666667;1.0326948165893555;72;8
barrypi;0.361623615026474;0.1920819208192082;1.0794584878696287;2439;271
jtbroussard;0.0;0.0;1.098833441734314;3;4
