a_roderick23;1.0;1.0;0.9044399857521057;11;2
thronesfacts;0.6666666865348816;0.5333333333333334;0.9148257062548683;376;42
mrpuzzetta;1.0;1.0;0.9191384315490723;12;2
steweaster;0.3333333432674408;0.16666666666666666;0.6965591311454773;2;3
darlingpleased1;0.5;0.3333333333333333;1.0926721096038818;12;2
watchbasement;1.0;1.0;0.7952926158905029;45;6
silviali;0.4000000059604645;0.2285714285714286;1.1206843852996826;40;5
ghostpiss0o;0.0;0.0;1.197279453277588;4;4
daenerys_got;1.0;0.0;0.5982977747917175;39;5
womprat_2m;1.0;0.0;0.5792236924171448;30;4
armando_yanez;0.5;0.41666666666666663;1.0627131462097168;3;4
timmysparks;0.0;1.0;0.8104000091552734;2;2
skills4u2envy;0.0;0.0;1.1041157245635986;9;2
jjxschae;0.3333333432674408;0.16666666666666666;1.0983506441116333;3;3
ferasthrone;0.3333333432674408;0.25;1.0826916694641113;46;6
milanelloman;0.0;0.0;1.2638742923736572;50;6
scottpreiss;0.5;0.3333333333333333;1.1514935493469238;12;2
winterfellpod;0.6111111044883728;0.5694444444444444;0.977828754319085;324;36
altpress;1.0;1.0;1.0767147541046143;13;2
randomthrones;0.7272727489471436;0.6124401913875599;0.9277527332305908;198;22
roll4it;0.6666666865348816;0.5333333333333333;1.0915509462356567;52;6
pinkvilla;0.6785714030265808;0.5486322188449849;0.9391098618507385;248;28
quotebotmaster;0.36283186078071594;0.19319618434662686;1.2206189769559201;1012;113
goat_aus;0.25;0.1;1.1108677387237549;32;4
bptml7;0.6666666865348816;0.6666666666666666;1.052903652191162;19;3
judea05;0.3333333432674408;0.16666666666666666;1.046579122543335;52;6
tyltgeek;0.75;0.6428571428571428;0.6450031995773315;31;4
oneperfectshot;0.5565217137336731;0.397959679378188;1.000108551979065;1029;115
flash_titans;0.7142857313156128;0.7142857142857143;1.094618558883667;126;14
tracilala;1.0;1.0;0.9966242909431458;45;5
redditfreefolk;0.6458333134651184;0.5068565400843882;0.8968048592408498;1723;192
r_h_bushell;0.20000000298023224;0.06666666666666668;1.19218111038208;4;5
nightscast;0.5555555820465088;0.39682539682539686;1.0389865636825562;73;9
letsplays_deu;1.0;0.0;0.6639205813407898;9;2
stephenarch78;0.3333333432674408;0.16666666666666666;0.7480846047401428;2;3
obienator;0.10000000149011612;0.16;1.2580535411834717;88;10
world0fwesteros;1.0;1.0;1.0735268592834473;9;1
adamatoulon;0.0;0.0;1.1182522773742676;2;3
robin_anne_14;0.5;0.3333333333333333;1.009977102279663;15;2
kristhyajimenez;0.3333333432674408;0.16666666666666666;1.0538249015808105;22;3
villamicika;1.0;1.0;0.6008648872375488;13;2
charitin_1;0.75;0.6428571428571428;1.0121853351593018;34;4
bibabugs;0.25;0.1;1.1592668294906616;28;4
tvguide;0.7123287916183472;0.5926575342465753;0.8523142876690382;649;73
geekdrinkstore;1.0;1.0;0.9735792875289917;35;4
sleepydragonart;0.0;0.0;0.7194471955299377;2;2
thatelfnerd;0.20000000298023224;0.06666666666666668;1.125062346458435;4;5
kasumicos;0.3333333432674408;0.16666666666666666;1.0277305841445923;2;3
lenabellemusic;0.3333333432674408;0.16666666666666666;1.1232911348342896;3;3
westeroshistory;0.25;0.1;0.6959825158119202;3;4
meawwofficial;0.692307710647583;0.5664335664335665;0.8670583963394165;117;13
tracklistost;0.6666666865348816;0.5;0.6032662987709045;3;3
fanglowgifts;0.8999999761581421;0.8526315789473685;0.5957316160202026;88;10
nerdflixchill;1.0;1.0;0.7995104193687439;323;36
culturecrave;0.8181818127632141;0.7363636363636363;0.9762120842933655;93;11
xfinity;0.3333333432674408;0.2222222222222222;1.100711464881897;2;3
williamfuentes;0.5;0.3333333333333333;1.080970048904419;16;2
patchface2;0.0;0.0;1.3575489521026611;9;1
leo_ofredkeep;0.3333333432674408;0.16666666666666666;1.1334909200668335;234;27
emileestarz;0.20000000298023224;0.26666666666666666;1.1866581439971924;4;5
analyticmadness;0.6666666865348816;0.5333333333333333;1.0358684062957764;20;3
ew;0.6666666865348816;0.5333333333333333;1.041627287864685;234;27
iamtherainxoxo;0.6875;0.5601851851851851;0.9537472724914551;136;16
indiewire;0.7142857313156128;0.5952380952380952;0.9686463925303245;437;49
tobibakrelyrics;0.5;0.3333333333333333;0.719022274017334;14;2
athanalexander;0.5;0.3333333333333333;1.095251202583313;15;2
haitiana4obama;0.0;0.0;1.0831345319747925;22;3
watchersotwall;0.9354838728904724;0.9043010752688171;0.7591840624809265;274;31
luziyt;1.0;0.0;0.6105045080184937;9;2
vt31008;0.8571428656578064;0.7912087912087912;0.9148874282836914;60;7
cammie_bluesky;0.5;0.4;1.129130244255066;27;4
divinebarrelclt;0.3333333432674408;0.5;0.6988862156867981;2;3
ohheyhellothere;0.75;0.6428571428571428;0.5627341866493225;4;4
kaspersky;0.5;0.3333333333333333;1.1977633237838745;4;4
freefolkbot;0.6695652008056641;0.5370471014492753;0.8710461846296338;6204;690
got_maniac;0.875;0.8166666666666667;1.000871181488037;72;8
barrypi;0.361623615026474;0.1920819208192082;1.0796037705622037;2439;271
jtbroussard;0.5;0.6666666666666666;0.9559630155563354;3;4
a_roderick23;0.0;0.0;1.1006202697753906;11;2
thronesfacts;0.6666666865348816;0.5333333333333334;0.9014227248373485;376;42
mrpuzzetta;1.0;1.0;0.8247261047363281;12;2
steweaster;0.3333333432674408;0.16666666666666666;0.719554603099823;2;3
darlingpleased1;0.5;0.3333333333333333;1.0929450988769531;12;2
watchbasement;1.0;1.0;0.7799367904663086;45;6
silviali;0.6000000238418579;0.4499999999999999;0.9133248329162598;40;5
ghostpiss0o;0.5;0.6000000000000001;1.0868749618530273;4;4
daenerys_got;1.0;0.0;0.5133707523345947;39;5
womprat_2m;1.0;0.0;0.6075884699821472;30;4
armando_yanez;0.5;0.5;1.108239769935608;3;4
timmysparks;1.0;0.0;0.550815224647522;2;2
skills4u2envy;0.0;0.0;1.1421077251434326;9;2
jjxschae;0.3333333432674408;0.2222222222222222;1.0353964567184448;3;3
ferasthrone;0.5;0.3333333333333333;1.0441396236419678;46;6
milanelloman;0.1666666716337204;0.047619047619047616;1.3542219400405884;50;6
scottpreiss;0.5;0.3333333333333333;1.1450985670089722;12;2
winterfellpod;0.7222222089767456;0.6435185185185185;0.9461549917856852;324;36
altpress;1.0;1.0;1.0617419481277466;13;2
randomthrones;0.7272727489471436;0.6124401913875599;0.9001529216766357;198;22
roll4it;0.6666666865348816;0.5333333333333333;1.068520188331604;52;6
pinkvilla;0.6785714030265808;0.5486322188449849;0.907390296459198;248;28
quotebotmaster;0.36283186078071594;0.19319618434662686;1.2024585588843422;1012;113
goat_aus;0.5;0.3333333333333333;1.091535210609436;32;4
bptml7;0.3333333432674408;0.2222222222222222;1.126452088356018;19;3
judea05;0.3333333432674408;0.16666666666666666;0.9935740828514099;52;6
tyltgeek;0.75;0.6428571428571428;0.6758590936660767;31;4
oneperfectshot;0.5565217137336731;0.397959679378188;0.9969684528267901;1029;115
flash_titans;0.7857142686843872;0.6914285714285714;1.0485526323318481;126;14
tracilala;1.0;1.0;0.9991044998168945;45;5
redditfreefolk;0.6458333134651184;0.5068565400843882;0.8971115549405416;1723;192
r_h_bushell;0.4000000059604645;0.27999999999999997;1.1352932453155518;4;5
nightscast;0.4444444477558136;0.2735042735042735;1.077191948890686;73;9
letsplays_deu;1.0;0.0;0.6634219288825989;9;2
stephenarch78;0.3333333432674408;0.16666666666666666;0.8232367634773254;2;3
obienator;0.699999988079071;0.7;1.0085279941558838;88;10
world0fwesteros;1.0;1.0;1.0721360445022583;9;1
adamatoulon;0.3333333432674408;0.16666666666666666;1.2861839532852173;2;3
robin_anne_14;0.0;0.0;1.209978699684143;15;2
kristhyajimenez;0.3333333432674408;0.16666666666666666;1.0619585514068604;22;3
villamicika;1.0;1.0;0.6510154604911804;13;2
charitin_1;0.0;0.0;1.1216278076171875;34;4
bibabugs;0.25;0.1;1.1890239715576172;28;4
tvguide;0.7123287916183472;0.5926575342465753;0.8634458633318339;649;73
geekdrinkstore;1.0;1.0;0.9784016609191895;35;4
sleepydragonart;1.0;1.0;0.6568291783332825;2;2
thatelfnerd;0.4000000059604645;0.2285714285714286;1.1135168075561523;4;5
kasumicos;0.3333333432674408;0.16666666666666666;1.0504790544509888;2;3
lenabellemusic;0.3333333432674408;0.16666666666666666;1.1069525480270386;3;3
westeroshistory;0.25;0.1;0.8472193479537964;3;4
meawwofficial;0.692307710647583;0.5664335664335665;0.9185203909873962;117;13
tracklistost;1.0;0.0;0.5930367708206177;3;3
fanglowgifts;0.8999999761581421;0.8526315789473685;0.5966736674308777;88;10
nerdflixchill;1.0;1.0;0.8205050627390543;323;36
culturecrave;0.8181818127632141;0.7363636363636363;0.9918642640113831;93;11
xfinity;0.3333333432674408;0.16666666666666666;1.202774167060852;2;3
williamfuentes;0.5;0.3333333333333333;1.1004223823547363;16;2
patchface2;0.0;0.0;1.181805968284607;9;1
leo_ofredkeep;0.5185185074806213;0.5036743092298648;1.072042465209961;234;27
emileestarz;0.20000000298023224;0.26666666666666666;1.1203913688659668;4;5
analyticmadness;0.6666666865348816;0.5333333333333333;1.0231629610061646;20;3
ew;0.6666666865348816;0.5333333333333333;0.9515601992607117;234;27
iamtherainxoxo;0.6875;0.5601851851851851;0.9755344390869141;136;16
indiewire;0.7142857313156128;0.5952380952380952;0.8955570459365845;437;49
tobibakrelyrics;0.5;0.3333333333333333;0.6761291027069092;14;2
athanalexander;0.5;0.3333333333333333;0.9977009296417236;15;2
haitiana4obama;0.6666666865348816;0.6666666666666666;1.0895994901657104;22;3
watchersotwall;0.9354838728904724;0.9043010752688171;0.719107985496521;274;31
luziyt;1.0;0.0;0.5899651050567627;9;2
vt31008;0.8571428656578064;0.7912087912087912;0.9314623475074768;60;7
cammie_bluesky;0.25;0.3333333333333333;1.0971052646636963;27;4
divinebarrelclt;1.0;1.0;0.6446425914764404;2;3
ohheyhellothere;0.75;0.6428571428571428;0.5709103941917419;4;4
kaspersky;0.5;0.3333333333333333;1.0763204097747803;4;4
freefolkbot;0.6695652008056641;0.5370471014492753;0.8729318788086159;6204;690
got_maniac;0.875;0.8166666666666667;0.9550095200538635;72;8
barrypi;0.361623615026474;0.19987925153976815;1.09013170993636;2439;271
jtbroussard;0.0;0.0;1.2127599716186523;3;4
a_roderick23;0.0;0.0;1.1128921508789062;11;2
thronesfacts;0.6666666865348816;0.5333333333333334;0.9037491225060963;376;42
mrpuzzetta;0.5;0.6666666666666666;0.9870012998580933;12;2
steweaster;0.3333333432674408;0.3333333333333333;0.7035164833068848;2;3
darlingpleased1;0.5;0.3333333333333333;1.0819127559661865;12;2
watchbasement;1.0;1.0;0.8732318878173828;45;6
silviali;0.4000000059604645;0.2285714285714286;1.141588568687439;40;5
ghostpiss0o;1.0;1.0;1.0185339450836182;4;4
daenerys_got;1.0;0.0;0.47972363233566284;39;5
womprat_2m;0.75;0.4;0.6507801413536072;30;4
armando_yanez;0.25;0.25;1.1731230020523071;3;4
timmysparks;0.0;1.0;0.7345724105834961;2;2
skills4u2envy;0.0;0.0;1.1582720279693604;9;2
jjxschae;0.6666666865348816;0.5555555555555555;1.0761289596557617;3;3
ferasthrone;0.5;0.3333333333333333;1.0649734735488892;46;6
milanelloman;0.1666666716337204;0.047619047619047616;1.1592669486999512;50;6
scottpreiss;0.5;0.3333333333333333;1.058546543121338;12;2
winterfellpod;0.25;0.22270322270322274;0.9769903156492445;324;36
altpress;0.5;0.6666666666666666;1.1152127981185913;13;2
randomthrones;0.7272727489471436;0.6124401913875599;0.9392225742340088;198;22
roll4it;0.6666666865348816;0.5333333333333333;1.0788706541061401;52;6
pinkvilla;0.6785714030265808;0.5486322188449849;0.9319640398025513;248;28
quotebotmaster;0.36283186078071594;0.19319618434662686;1.2277432279249207;1012;113
goat_aus;0.25;0.1;1.239912509918213;32;4
bptml7;0.3333333432674408;0.16666666666666666;1.0975888967514038;19;3
judea05;0.6666666865348816;0.5333333333333333;0.98701411485672;52;6
tyltgeek;0.75;0.6428571428571428;0.666926383972168;31;4
oneperfectshot;0.5565217137336731;0.41380358771663117;1.0080375184183534;1029;115
flash_titans;0.2142857164144516;0.336734693877551;1.0923707485198975;126;14
tracilala;1.0;1.0;1.0371806621551514;45;5
redditfreefolk;0.6458333134651184;0.5068565400843882;0.9052509963512421;1723;192
r_h_bushell;0.0;0.0;1.3553788661956787;4;5
nightscast;0.3333333432674408;0.33333333333333337;0.9931409358978271;73;9
letsplays_deu;1.0;0.0;0.6747075319290161;9;2
stephenarch78;0.3333333432674408;0.16666666666666666;0.7758755087852478;2;3
obienator;0.699999988079071;0.72;0.9849562644958496;88;10
world0fwesteros;1.0;1.0;1.078390121459961;9;1
adamatoulon;0.0;0.0;1.4664907455444336;2;3
robin_anne_14;1.0;1.0;1.072670340538025;15;2
kristhyajimenez;0.0;0.0;1.3304349184036255;22;3
villamicika;1.0;1.0;0.634433388710022;13;2
charitin_1;0.75;0.6428571428571428;1.0495941638946533;34;4
bibabugs;0.5;0.3333333333333333;1.0656403303146362;28;4
tvguide;0.7123287916183472;0.5926575342465753;0.8411798640473248;649;73
geekdrinkstore;1.0;1.0;0.8614412546157837;35;4
sleepydragonart;1.0;1.0;0.6679291725158691;2;2
thatelfnerd;0.4000000059604645;0.26666666666666666;1.1012299060821533;4;5
kasumicos;0.0;0.0;1.2329846620559692;2;3
lenabellemusic;0.3333333432674408;0.2222222222222222;1.0721220970153809;3;3
westeroshistory;0.25;0.1;0.7338495254516602;3;4
meawwofficial;0.692307710647583;0.5664335664335665;0.8783665299415588;117;13
tracklistost;1.0;0.0;0.5563933849334717;3;3
fanglowgifts;0.8999999761581421;0.8526315789473685;0.5462180972099304;88;10
nerdflixchill;1.0;1.0;0.8754882282680936;323;36
culturecrave;0.8181818127632141;0.7363636363636363;0.9443912506103516;93;11
xfinity;0.3333333432674408;0.16666666666666666;1.086480736732483;2;3
williamfuentes;0.0;0.0;1.2797538042068481;16;2
patchface2;0.0;0.0;1.3859493732452393;9;1
leo_ofredkeep;0.48148149251937866;0.38796296296296295;1.0692819356918335;234;27
emileestarz;0.20000000298023224;0.26666666666666666;1.0931034088134766;4;5
analyticmadness;0.6666666865348816;0.5333333333333333;1.0872383117675781;20;3
ew;0.6666666865348816;0.5333333333333333;0.8568288087844849;234;27
iamtherainxoxo;0.6875;0.5601851851851851;0.9728332161903381;136;16
indiewire;0.7142857313156128;0.5952380952380952;0.9142197662470292;437;49
tobibakrelyrics;0.0;0.0;0.7141791582107544;14;2
athanalexander;0.5;0.3333333333333333;1.0380487442016602;15;2
haitiana4obama;0.6666666865348816;0.6666666666666666;1.0958588123321533;22;3
watchersotwall;0.9354838728904724;0.9043010752688171;0.7052569389343262;274;31
luziyt;1.0;0.0;0.558372437953949;9;2
vt31008;0.1428571492433548;0.03571428571428571;1.243062973022461;60;7
cammie_bluesky;0.0;0.0;1.1869081258773804;27;4
divinebarrelclt;1.0;1.0;0.6057062745094299;2;3
ohheyhellothere;0.75;0.6428571428571428;0.6793880462646484;4;4
kaspersky;0.5;0.5;1.0561082363128662;4;4
freefolkbot;0.6695652008056641;0.5370471014492753;0.8668115968289583;6204;690
got_maniac;0.875;0.8166666666666667;0.9588297605514526;72;8
barrypi;0.361623615026474;0.19260388256056474;1.0748491669932854;2439;271
jtbroussard;0.25;0.4;1.0846294164657593;3;4
a_roderick23;0.0;0.0;1.091866374015808;11;2
thronesfacts;0.6666666865348816;0.5333333333333334;0.9140171323503766;376;42
mrpuzzetta;1.0;1.0;0.8822348713874817;12;2
steweaster;0.0;0.0;0.7494142651557922;2;3
darlingpleased1;0.5;0.3333333333333333;1.09117591381073;12;2
watchbasement;1.0;1.0;0.9967692494392395;45;6
silviali;0.6000000238418579;0.4499999999999999;0.9391168355941772;40;5
ghostpiss0o;0.75;0.75;1.0797624588012695;4;4
daenerys_got;1.0;0.0;0.5140267014503479;39;5
womprat_2m;1.0;0.0;0.6625257730484009;30;4
armando_yanez;0.5;0.3333333333333333;1.0904523134231567;3;4
timmysparks;1.0;0.0;0.4939168691635132;2;2
skills4u2envy;0.5;0.5;0.9786967039108276;9;2
jjxschae;0.0;0.0;1.1127134561538696;3;3
ferasthrone;0.5;0.3333333333333333;0.9892204403877258;46;6
milanelloman;0.1666666716337204;0.047619047619047616;1.1934762001037598;50;6
scottpreiss;0.0;0.0;1.113835334777832;12;2
winterfellpod;0.6666666865348816;0.5977011494252874;0.9142916334999932;324;36
altpress;0.0;0.0;1.0976009368896484;13;2
randomthrones;0.7272727489471436;0.6124401913875599;0.8915039300918579;198;22
roll4it;0.6666666865348816;0.5333333333333333;1.0838702917099;52;6
pinkvilla;0.6785714030265808;0.5486322188449849;0.9913116097450256;248;28
quotebotmaster;0.36283186078071594;0.19319618434662686;1.2131417884235889;1012;113
goat_aus;0.25;0.1;1.0726803541183472;32;4
bptml7;0.3333333432674408;0.3333333333333333;1.1611433029174805;19;3
judea05;0.3333333432674408;0.16666666666666666;1.1137374639511108;52;6
tyltgeek;0.75;0.6428571428571428;0.6852259635925293;31;4
oneperfectshot;0.5565217137336731;0.397959679378188;0.9963369338408761;1029;115
flash_titans;0.7142857313156128;0.7142857142857143;1.0949803590774536;126;14
tracilala;1.0;1.0;0.9744977951049805;45;5
redditfreefolk;0.6458333134651184;0.5068565400843882;0.901540607213974;1723;192
r_h_bushell;0.4000000059604645;0.2333333333333333;1.1004936695098877;4;5
nightscast;0.4444444477558136;0.4444444444444444;1.0853180885314941;73;9
letsplays_deu;1.0;0.0;0.6681042909622192;9;2
stephenarch78;0.3333333432674408;0.16666666666666666;0.7032540440559387;2;3
obienator;0.699999988079071;0.6588235294117648;1.0743643045425415;88;10
world0fwesteros;1.0;1.0;1.0771961212158203;9;1
adamatoulon;0.6666666865348816;0.5333333333333333;1.0902602672576904;2;3
robin_anne_14;0.5;0.3333333333333333;1.0797797441482544;15;2
kristhyajimenez;0.0;0.0;1.312776803970337;22;3
villamicika;1.0;1.0;0.5883527994155884;13;2
charitin_1;0.75;0.6428571428571428;1.051094889640808;34;4
bibabugs;0.25;0.2;1.1004834175109863;28;4
tvguide;0.7123287916183472;0.5926575342465753;0.8600028900250997;649;73
geekdrinkstore;1.0;1.0;1.0715478658676147;35;4
sleepydragonart;0.5;0.6666666666666666;0.7355263233184814;2;2
thatelfnerd;0.4000000059604645;0.26666666666666666;1.1080639362335205;4;5
kasumicos;0.6666666865348816;0.5333333333333333;1.094851016998291;2;3
lenabellemusic;0.3333333432674408;0.16666666666666666;1.1637755632400513;3;3
westeroshistory;0.75;0.6428571428571428;0.6813303232192993;3;4
meawwofficial;0.692307710647583;0.5664335664335665;0.8144716620445251;117;13
tracklistost;1.0;0.0;0.5130794644355774;3;3
fanglowgifts;0.8999999761581421;0.8526315789473685;0.5124646425247192;88;10
nerdflixchill;1.0;1.0;0.9247265524334378;323;36
culturecrave;0.8181818127632141;0.7363636363636363;0.9353163242340088;93;11
xfinity;0.6666666865348816;0.5555555555555555;1.0377181768417358;2;3
williamfuentes;0.5;0.3333333333333333;1.2179229259490967;16;2
patchface2;1.0;1.0;1.0650794506072998;9;1
leo_ofredkeep;0.3333333432674408;0.16666666666666666;1.1299359798431396;234;27
emileestarz;0.4000000059604645;0.4571428571428572;1.098107933998108;4;5
analyticmadness;0.3333333432674408;0.16666666666666666;0.986462414264679;20;3
ew;0.6666666865348816;0.5333333333333333;0.9489307403564453;234;27
iamtherainxoxo;0.6875;0.5601851851851851;0.9559614658355713;136;16
indiewire;0.7142857313156128;0.5952380952380952;0.8807058188380027;437;49
tobibakrelyrics;0.5;0.3333333333333333;0.7357982397079468;14;2
athanalexander;0.5;0.3333333333333333;1.1077356338500977;15;2
haitiana4obama;0.0;0.0;1.135178565979004;22;3
watchersotwall;0.9354838728904724;0.9043010752688171;0.7199293375015259;274;31
luziyt;1.0;0.0;0.6632436513900757;9;2
vt31008;0.8571428656578064;0.7912087912087912;0.8062437176704407;60;7
cammie_bluesky;0.0;0.0;1.1012318134307861;27;4
divinebarrelclt;1.0;1.0;0.6602655053138733;2;3
ohheyhellothere;0.25;0.30000000000000004;0.8012427091598511;4;4
kaspersky;0.5;0.3333333333333333;1.1200963258743286;4;4
freefolkbot;0.6695652008056641;0.5370471014492753;0.8697857891303905;6204;690
got_maniac;0.875;0.8166666666666667;1.029354214668274;72;8
barrypi;0.361623615026474;0.1920819208192082;1.0795828948601585;2439;271
jtbroussard;0.0;0.0;1.1727277040481567;3;4
a_roderick23;1.0;1.0;1.047529697418213;11;2
thronesfacts;0.6666666865348816;0.5333333333333334;0.9270497305052621;376;42
mrpuzzetta;0.5;0.6666666666666666;1.0545566082000732;12;2
steweaster;0.6666666865348816;0.5333333333333333;0.6713040471076965;2;3
darlingpleased1;0.5;0.3333333333333333;1.0844008922576904;12;2
watchbasement;0.0;0.0;1.079180121421814;45;6
silviali;0.4000000059604645;0.2285714285714286;1.097454309463501;40;5
ghostpiss0o;0.0;0.0;1.137772560119629;4;4
daenerys_got;1.0;0.0;0.49237674474716187;39;5
womprat_2m;1.0;0.0;0.6822114586830139;30;4
armando_yanez;0.5;0.4;1.1051816940307617;3;4
timmysparks;1.0;0.0;0.6213234066963196;2;2
skills4u2envy;0.0;0.0;1.1124682426452637;9;2
jjxschae;0.0;0.0;1.1243977546691895;3;3
ferasthrone;0.5;0.3333333333333333;1.092091679573059;46;6
milanelloman;0.5;0.3333333333333333;1.0538138151168823;50;6
scottpreiss;0.5;0.3333333333333333;1.0426119565963745;12;2
winterfellpod;0.7222222089767456;0.6057347670250895;0.9228136274549696;324;36
altpress;1.0;1.0;1.086782693862915;13;2
randomthrones;0.7272727489471436;0.6124401913875599;0.9006908535957336;198;22
roll4it;0.6666666865348816;0.5333333333333333;1.0444672107696533;52;6
pinkvilla;0.6785714030265808;0.5486322188449849;0.9615375399589539;248;28
quotebotmaster;0.36283186078071594;0.19319618434662686;1.222594230575899;1012;113
goat_aus;0.25;0.1;1.111374855041504;32;4
bptml7;0.6666666865348816;0.5333333333333333;1.065609335899353;19;3
judea05;0.3333333432674408;0.1904761904761905;1.101332187652588;52;6
tyltgeek;0.75;0.6428571428571428;0.6446689367294312;31;4
oneperfectshot;0.5565217137336731;0.397959679378188;1.00174894436546;1029;115
flash_titans;0.0714285746216774;0.11224489795918369;1.0915324687957764;126;14
tracilala;1.0;1.0;1.005212664604187;45;5
redditfreefolk;0.6458333134651184;0.5068565400843882;0.8980990052223206;1723;192
r_h_bushell;0.4000000059604645;0.34;1.140637755393982;4;5
nightscast;0.5555555820465088;0.39682539682539686;1.046623706817627;73;9
letsplays_deu;1.0;0.0;0.6742645502090454;9;2
stephenarch78;0.6666666865348816;0.6666666666666666;0.6734064221382141;2;3
obienator;0.6000000238418579;0.6;1.07329523563385;88;10
world0fwesteros;1.0;1.0;1.0783212184906006;9;1
adamatoulon;0.0;0.0;1.1539067029953003;2;3
robin_anne_14;0.5;0.3333333333333333;1.0038142204284668;15;2
kristhyajimenez;0.6666666865348816;0.5333333333333333;0.9897664189338684;22;3
villamicika;1.0;1.0;0.3742262125015259;13;2
charitin_1;0.75;0.6428571428571428;1.0426353216171265;34;4
bibabugs;0.5;0.41666666666666663;1.0840827226638794;28;4
tvguide;0.7123287916183472;0.5926575342465753;0.8433130571286972;649;73
geekdrinkstore;1.0;1.0;0.8780303001403809;35;4
sleepydragonart;1.0;1.0;0.6865861415863037;2;2
thatelfnerd;0.4000000059604645;0.2285714285714286;1.0939958095550537;4;5
kasumicos;0.6666666865348816;0.7777777777777777;1.0532978773117065;2;3
lenabellemusic;0.3333333432674408;0.16666666666666666;1.1203867197036743;3;3
westeroshistory;0.75;0.6428571428571428;0.6317753791809082;3;4
meawwofficial;0.692307710647583;0.5664335664335665;1.0691494941711426;117;13
tracklistost;1.0;0.0;0.46835026144981384;3;3
fanglowgifts;0.8999999761581421;0.8526315789473685;0.5821722149848938;88;10
nerdflixchill;1.0;1.0;0.8434195386038886;323;36
culturecrave;0.8181818127632141;0.7363636363636363;0.9147255420684814;93;11
xfinity;0.3333333432674408;0.16666666666666666;1.1436917781829834;2;3
williamfuentes;0.5;0.3333333333333333;0.9574244022369385;16;2
patchface2;1.0;1.0;0.9920868277549744;9;1
leo_ofredkeep;0.3333333432674408;0.2707535121328225;1.1078418493270874;234;27
emileestarz;0.20000000298023224;0.26666666666666666;1.156329870223999;4;5
analyticmadness;0.3333333432674408;0.16666666666666666;1.0973963737487793;20;3
ew;0.6666666865348816;0.5333333333333333;0.8906118869781494;234;27
iamtherainxoxo;0.6875;0.5601851851851851;0.8862158060073853;136;16
indiewire;0.7142857313156128;0.5952380952380952;0.9132416418620518;437;49
tobibakrelyrics;0.5;0.3333333333333333;0.730758547782898;14;2
athanalexander;0.0;0.0;1.1912410259246826;15;2
haitiana4obama;0.3333333432674408;0.4444444444444444;1.0780073404312134;22;3
watchersotwall;0.9354838728904724;0.9043010752688171;0.7587562203407288;274;31
luziyt;1.0;0.0;0.6179968118667603;9;2
vt31008;0.8571428656578064;0.7912087912087912;0.8368396162986755;60;7
cammie_bluesky;0.75;0.7333333333333334;1.0895764827728271;27;4
divinebarrelclt;0.6666666865348816;0.8000000000000002;0.6759028434753418;2;3
ohheyhellothere;0.75;0.6428571428571428;0.6047900915145874;4;4
kaspersky;0.0;0.0;1.1154812574386597;4;4
freefolkbot;0.6695652008056641;0.5370471014492753;0.8699968951335851;6204;690
got_maniac;0.875;0.8166666666666667;1.0474915504455566;72;8
barrypi;0.4095940887928009;0.31614630683211353;1.0728465081141003;2439;271
jtbroussard;0.0;0.0;1.0900684595108032;3;4
