a_roderick23;1.0;1.0;1.0373632907867432;11;2
thronesfacts;0.6666666865348816;0.5333333333333334;0.8913483364241463;376;42
mrpuzzetta;1.0;1.0;1.0399458408355713;12;2
steweaster;0.0;0.0;0.7001588344573975;2;3
darlingpleased1;0.5;0.3333333333333333;1.0871458053588867;12;2
watchbasement;1.0;1.0;1.0176756381988525;45;6
silviali;0.4000000059604645;0.2285714285714286;1.049285650253296;40;5
ghostpiss0o;0.0;0.0;1.1201660633087158;4;4
daenerys_got;1.0;0.0;0.6061182618141174;39;5
womprat_2m;1.0;0.0;0.6226508617401123;30;4
armando_yanez;0.5;0.3333333333333333;1.0867983102798462;3;4
timmysparks;1.0;0.0;0.6513704657554626;2;2
skills4u2envy;0.0;0.0;1.1199871301651;9;2
jjxschae;0.3333333432674408;0.16666666666666666;1.0973666906356812;3;3
ferasthrone;0.5;0.3333333333333333;1.0801914930343628;46;6
milanelloman;0.5;0.3333333333333333;1.1001425981521606;50;6
scottpreiss;0.5;0.3333333333333333;1.0994290113449097;12;2
winterfellpod;0.7222222089767456;0.6057347670250895;0.9515733983781602;324;36
altpress;1.0;1.0;1.058566927909851;13;2
randomthrones;0.7272727489471436;0.6124401913875599;0.7953920960426331;198;22
roll4it;0.6666666865348816;0.5333333333333333;1.062745451927185;52;6
pinkvilla;0.6785714030265808;0.5486322188449849;0.875132143497467;248;28
quotebotmaster;0.36283186078071594;0.19319618434662686;1.2140299145099336;1012;113
goat_aus;0.25;0.1;1.1142534017562866;32;4
bptml7;0.6666666865348816;0.5333333333333333;1.0824912786483765;19;3
judea05;0.3333333432674408;0.16666666666666666;1.0635179281234741;52;6
tyltgeek;0.75;0.6428571428571428;0.6578273773193359;31;4
oneperfectshot;0.5565217137336731;0.397959679378188;0.9969526798828788;1029;115
flash_titans;0.0;0.0;1.0814478397369385;126;14
tracilala;1.0;1.0;1.0308624505996704;45;5
redditfreefolk;0.6458333134651184;0.5068565400843882;0.9028875132401785;1723;192
r_h_bushell;0.20000000298023224;0.06666666666666668;1.1053422689437866;4;5
nightscast;0.5555555820465088;0.39682539682539686;0.9979178309440613;73;9
letsplays_deu;1.0;0.0;0.5798012018203735;9;2
stephenarch78;0.3333333432674408;0.16666666666666666;0.7130187153816223;2;3
obienator;0.800000011920929;0.7111111111111111;1.0515741109848022;88;10
world0fwesteros;1.0;1.0;1.038681149482727;9;1
adamatoulon;0.0;0.0;1.116032600402832;2;3
robin_anne_14;0.5;0.3333333333333333;1.0760271549224854;15;2
kristhyajimenez;0.3333333432674408;0.16666666666666666;1.111388087272644;22;3
villamicika;1.0;1.0;0.6654301881790161;13;2
charitin_1;0.75;0.6428571428571428;1.0648139715194702;34;4
bibabugs;0.5;0.3333333333333333;1.0925588607788086;28;4
tvguide;0.7123287916183472;0.5926575342465753;0.8569434456629296;649;73
geekdrinkstore;1.0;1.0;1.0414960384368896;35;4
sleepydragonart;1.0;1.0;0.6926143169403076;2;2
thatelfnerd;0.20000000298023224;0.06666666666666668;1.1095333099365234;4;5
kasumicos;0.0;0.0;1.1218338012695312;2;3
lenabellemusic;0.3333333432674408;0.16666666666666666;1.0939688682556152;3;3
westeroshistory;0.75;0.6428571428571428;0.6751224398612976;3;4
meawwofficial;0.692307710647583;0.5664335664335665;0.9480097889900208;117;13
tracklistost;1.0;0.0;0.6676661372184753;3;3
fanglowgifts;0.8999999761581421;0.8526315789473685;0.532241940498352;88;10
nerdflixchill;1.0;1.0;0.7453673150804307;323;36
culturecrave;0.8181818127632141;0.7363636363636363;0.9443958401679993;93;11
xfinity;0.3333333432674408;0.16666666666666666;1.099370002746582;2;3
williamfuentes;0.5;0.3333333333333333;1.0921622514724731;16;2
patchface2;0.0;0.0;1.1285117864608765;9;1
leo_ofredkeep;0.3333333432674408;0.16666666666666666;1.0834288597106934;234;27
emileestarz;0.800000011920929;0.7111111111111111;1.072999358177185;4;5
analyticmadness;0.3333333432674408;0.16666666666666666;1.0712350606918335;20;3
ew;0.6666666865348816;0.5333333333333333;0.8670453429222107;234;27
iamtherainxoxo;0.6875;0.5601851851851851;0.9758683443069458;136;16
indiewire;0.7142857313156128;0.5952380952380952;0.8600932396188075;437;49
tobibakrelyrics;0.5;0.3333333333333333;0.6965237855911255;14;2
athanalexander;0.5;0.3333333333333333;1.0847141742706299;15;2
haitiana4obama;0.0;0.0;1.1047769784927368;22;3
watchersotwall;0.9354838728904724;0.9043010752688171;0.5324937701225281;274;31
luziyt;1.0;0.0;0.642920732498169;9;2
vt31008;0.8571428656578064;0.7912087912087912;1.0285961627960205;60;7
cammie_bluesky;0.0;0.0;1.1294240951538086;27;4
divinebarrelclt;1.0;1.0;0.6540427803993225;2;3
ohheyhellothere;0.75;0.6428571428571428;0.6777510643005371;4;4
kaspersky;0.5;0.3333333333333333;1.0932523012161255;4;4
freefolkbot;0.6695652008056641;0.5370471014492753;0.8683873959209608;6204;690
got_maniac;0.875;0.8166666666666667;0.9547758102416992;72;8
barrypi;0.361623615026474;0.1920819208192082;1.0800913026851922;2439;271
jtbroussard;1.0;1.0;1.0922117233276367;3;4
a_roderick23;1.0;1.0;0.9938023090362549;11;2
thronesfacts;0.6666666865348816;0.5333333333333334;0.8745344650177729;376;42
mrpuzzetta;1.0;1.0;1.0649759769439697;12;2
steweaster;0.3333333432674408;0.16666666666666666;0.695838987827301;2;3
darlingpleased1;0.5;0.3333333333333333;1.0796138048171997;12;2
watchbasement;1.0;1.0;0.9821715354919434;45;6
silviali;0.6000000238418579;0.4499999999999999;1.0682510137557983;40;5
ghostpiss0o;0.0;0.0;1.1147035360336304;4;4
daenerys_got;1.0;0.0;0.5044661164283752;39;5
womprat_2m;1.0;0.0;0.6449917554855347;30;4
armando_yanez;0.5;0.3333333333333333;1.0899252891540527;3;4
timmysparks;1.0;0.0;0.6585560441017151;2;2
skills4u2envy;0.0;0.0;1.1138865947723389;9;2
jjxschae;0.3333333432674408;0.16666666666666666;1.0992192029953003;3;3
ferasthrone;0.5;0.3333333333333333;1.065664291381836;46;6
milanelloman;0.5;0.3333333333333333;1.0894794464111328;50;6
scottpreiss;0.5;0.3333333333333333;1.0956767797470093;12;2
winterfellpod;0.7222222089767456;0.6057347670250895;0.9469241698582967;324;36
altpress;1.0;1.0;1.0500693321228027;13;2
randomthrones;0.7272727489471436;0.6124401913875599;0.8314052820205688;198;22
roll4it;0.6666666865348816;0.5333333333333333;1.0545120239257812;52;6
pinkvilla;0.6785714030265808;0.5486322188449849;0.9090779423713684;248;28
quotebotmaster;0.36283186078071594;0.19319618434662686;1.2250243678557133;1012;113
goat_aus;0.25;0.1;1.1012380123138428;32;4
bptml7;0.6666666865348816;0.5333333333333333;1.0691990852355957;19;3
judea05;0.3333333432674408;0.16666666666666666;1.0482879877090454;52;6
tyltgeek;0.75;0.6428571428571428;0.6746561527252197;31;4
oneperfectshot;0.5565217137336731;0.397959679378188;0.9974889164385589;1029;115
flash_titans;0.0;0.0;1.099716305732727;126;14
tracilala;1.0;1.0;1.0207116603851318;45;5
redditfreefolk;0.6458333134651184;0.5068565400843882;0.8979236384232839;1723;192
r_h_bushell;0.20000000298023224;0.06666666666666668;1.100542426109314;4;5
nightscast;0.5555555820465088;0.39682539682539686;1.0410124063491821;73;9
letsplays_deu;1.0;0.0;0.6409927606582642;9;2
stephenarch78;0.3333333432674408;0.16666666666666666;0.7063358426094055;2;3
obienator;0.800000011920929;0.7111111111111111;1.0781159400939941;88;10
world0fwesteros;1.0;1.0;1.0290526151657104;9;1
adamatoulon;0.3333333432674408;0.16666666666666666;1.1172590255737305;2;3
robin_anne_14;0.5;0.3333333333333333;1.0753934383392334;15;2
kristhyajimenez;0.0;0.0;1.118954062461853;22;3
villamicika;1.0;1.0;0.6709067821502686;13;2
charitin_1;0.75;0.6428571428571428;1.079964518547058;34;4
bibabugs;0.5;0.3333333333333333;1.0937068462371826;28;4
tvguide;0.7123287916183472;0.5926575342465753;0.8378578048862823;649;73
geekdrinkstore;1.0;1.0;0.9741880893707275;35;4
sleepydragonart;0.0;0.0;0.6944178938865662;2;2
thatelfnerd;0.20000000298023224;0.06666666666666668;1.1086335182189941;4;5
kasumicos;0.3333333432674408;0.3333333333333333;1.1248773336410522;2;3
lenabellemusic;0.3333333432674408;0.16666666666666666;1.1003373861312866;3;3
westeroshistory;0.75;0.6428571428571428;0.6667922139167786;3;4
meawwofficial;0.692307710647583;0.5664335664335665;0.9742031097412109;117;13
tracklistost;1.0;0.0;0.6539487838745117;3;3
fanglowgifts;0.8999999761581421;0.8526315789473685;0.5149834156036377;88;10
nerdflixchill;1.0;1.0;0.7653716140323215;323;36
culturecrave;0.8181818127632141;0.7363636363636363;0.9759237170219421;93;11
xfinity;0.3333333432674408;0.16666666666666666;1.0988413095474243;2;3
williamfuentes;0.5;0.3333333333333333;1.069860816001892;16;2
patchface2;0.0;0.0;1.14676034450531;9;1
leo_ofredkeep;0.3333333432674408;0.16666666666666666;1.0931456089019775;234;27
emileestarz;0.800000011920929;0.7111111111111111;1.0708529949188232;4;5
analyticmadness;0.6666666865348816;0.5333333333333333;1.0826197862625122;20;3
ew;0.6666666865348816;0.5333333333333333;0.8412384986877441;234;27
iamtherainxoxo;0.6875;0.5601851851851851;0.9940758943557739;136;16
indiewire;0.7142857313156128;0.5952380952380952;0.8655922546678659;437;49
tobibakrelyrics;0.5;0.3333333333333333;0.6965643167495728;14;2
athanalexander;0.5;0.3333333333333333;1.087510347366333;15;2
haitiana4obama;0.0;0.0;1.1116467714309692;22;3
watchersotwall;0.9354838728904724;0.9043010752688171;0.4760896563529968;274;31
luziyt;1.0;0.0;0.6424143314361572;9;2
vt31008;0.8571428656578064;0.7912087912087912;1.0245349407196045;60;7
cammie_bluesky;0.0;0.0;1.1187535524368286;27;4
divinebarrelclt;1.0;1.0;0.6433537006378174;2;3
ohheyhellothere;0.75;0.6428571428571428;0.6789530515670776;4;4
kaspersky;0.0;0.0;1.117852807044983;4;4
freefolkbot;0.6695652008056641;0.5370471014492753;0.8678501870321191;6204;690
got_maniac;0.875;0.8166666666666667;0.9534328579902649;72;8
barrypi;0.361623615026474;0.1920819208192082;1.0793309400882227;2439;271
jtbroussard;0.0;0.0;1.1029691696166992;3;4
a_roderick23;1.0;1.0;1.0542054176330566;11;2
thronesfacts;0.6666666865348816;0.5333333333333334;0.8865728378295898;376;42
mrpuzzetta;1.0;1.0;1.0514824390411377;12;2
steweaster;0.6666666865348816;0.5333333333333333;0.6920095086097717;2;3
darlingpleased1;0.5;0.3333333333333333;1.0845277309417725;12;2
watchbasement;1.0;1.0;0.9594245553016663;45;6
silviali;0.4000000059604645;0.2285714285714286;1.046877145767212;40;5
ghostpiss0o;0.0;0.0;1.102110743522644;4;4
daenerys_got;1.0;0.0;0.568818211555481;39;5
womprat_2m;1.0;0.0;0.6357497572898865;30;4
armando_yanez;0.5;0.3333333333333333;1.0891921520233154;3;4
timmysparks;1.0;0.0;0.6679431200027466;2;2
skills4u2envy;0.0;0.0;1.1178319454193115;9;2
jjxschae;0.3333333432674408;0.16666666666666666;1.0974864959716797;3;3
ferasthrone;0.5;0.3333333333333333;1.0797953605651855;46;6
milanelloman;0.1666666716337204;0.047619047619047616;1.1138063669204712;50;6
scottpreiss;0.5;0.3333333333333333;1.1032068729400635;12;2
winterfellpod;0.7222222089767456;0.6057347670250895;0.8956610626644559;324;36
altpress;1.0;1.0;1.057748556137085;13;2
randomthrones;0.7272727489471436;0.6124401913875599;0.8347185254096985;198;22
roll4it;0.6666666865348816;0.5333333333333333;1.0600754022598267;52;6
pinkvilla;0.6785714030265808;0.5486322188449849;0.8974319696426392;248;28
quotebotmaster;0.36283186078071594;0.19319618434662686;1.227453986100391;1012;113
goat_aus;0.25;0.1;1.0969977378845215;32;4
bptml7;0.6666666865348816;0.5333333333333333;1.077181339263916;19;3
judea05;0.3333333432674408;0.16666666666666666;1.0435298681259155;52;6
tyltgeek;0.75;0.6428571428571428;0.6655603647232056;31;4
oneperfectshot;0.5565217137336731;0.397959679378188;0.9977921040161796;1029;115
flash_titans;0.0;0.0;1.1452633142471313;126;14
tracilala;1.0;1.0;1.0050711631774902;45;5
redditfreefolk;0.6458333134651184;0.5068565400843882;0.900655617316564;1723;192
r_h_bushell;0.20000000298023224;0.06666666666666668;1.103152871131897;4;5
nightscast;0.5555555820465088;0.39682539682539686;1.0230669975280762;73;9
letsplays_deu;1.0;0.0;0.641240119934082;9;2
stephenarch78;0.3333333432674408;0.16666666666666666;0.7150424122810364;2;3
obienator;0.800000011920929;0.7111111111111111;1.0798019170761108;88;10
world0fwesteros;1.0;1.0;1.0442057847976685;9;1
adamatoulon;0.0;0.0;1.118257999420166;2;3
robin_anne_14;0.5;0.3333333333333333;1.059794545173645;15;2
kristhyajimenez;0.3333333432674408;0.16666666666666666;1.116687297821045;22;3
villamicika;1.0;1.0;0.6632230877876282;13;2
charitin_1;0.75;0.6428571428571428;1.0637410879135132;34;4
bibabugs;0.5;0.3333333333333333;1.0912452936172485;28;4
tvguide;0.7123287916183472;0.5926575342465753;0.8384007444120434;649;73
geekdrinkstore;1.0;1.0;0.9477927088737488;35;4
sleepydragonart;0.0;0.0;0.6943570375442505;2;2
thatelfnerd;0.20000000298023224;0.06666666666666668;1.1080529689788818;4;5
kasumicos;0.0;0.0;1.1231063604354858;2;3
lenabellemusic;0.3333333432674408;0.16666666666666666;1.099298357963562;3;3
westeroshistory;0.75;0.6428571428571428;0.6754768490791321;3;4
meawwofficial;0.692307710647583;0.5664335664335665;0.9414945840835571;117;13
tracklistost;1.0;0.0;0.6623832583427429;3;3
fanglowgifts;0.8999999761581421;0.8526315789473685;0.5080071091651917;88;10
nerdflixchill;1.0;1.0;0.7034392489327325;323;36
culturecrave;0.8181818127632141;0.7363636363636363;1.0041465759277344;93;11
xfinity;0.3333333432674408;0.16666666666666666;1.1123512983322144;2;3
williamfuentes;0.5;0.3333333333333333;1.0826740264892578;16;2
patchface2;0.0;0.0;1.1283690929412842;9;1
leo_ofredkeep;0.3333333432674408;0.16666666666666666;1.0965155363082886;234;27
emileestarz;0.800000011920929;0.7111111111111111;1.0520191192626953;4;5
analyticmadness;0.6666666865348816;0.5333333333333333;1.0670119524002075;20;3
ew;0.6666666865348816;0.5333333333333333;0.8580195307731628;234;27
iamtherainxoxo;0.6875;0.5601851851851851;0.9363161325454712;136;16
indiewire;0.7142857313156128;0.5952380952380952;0.8613583773982768;437;49
tobibakrelyrics;0.5;0.3333333333333333;0.7031672596931458;14;2
athanalexander;0.5;0.3333333333333333;1.0812201499938965;15;2
haitiana4obama;0.6666666865348816;0.5333333333333333;1.0737746953964233;22;3
watchersotwall;0.9354838728904724;0.9043010752688171;0.524920642375946;274;31
luziyt;1.0;0.0;0.6541686654090881;9;2
vt31008;0.8571428656578064;0.7912087912087912;0.9949243664741516;60;7
cammie_bluesky;0.25;0.3333333333333333;1.1137914657592773;27;4
divinebarrelclt;1.0;1.0;0.66871577501297;2;3
ohheyhellothere;0.75;0.6428571428571428;0.6727600693702698;4;4
kaspersky;0.0;0.0;1.1385369300842285;4;4
freefolkbot;0.6695652008056641;0.5370471014492753;0.8665517592775649;6204;690
got_maniac;0.875;0.8166666666666667;0.997524082660675;72;8
barrypi;0.361623615026474;0.1920819208192082;1.0791447206616842;2439;271
jtbroussard;0.0;0.0;1.1194093227386475;3;4
a_roderick23;1.0;1.0;1.071969985961914;11;2
thronesfacts;0.6666666865348816;0.5333333333333334;0.8998404400689262;376;42
mrpuzzetta;1.0;1.0;1.0471839904785156;12;2
steweaster;0.3333333432674408;0.3333333333333333;0.6932204365730286;2;3
darlingpleased1;0.5;0.3333333333333333;1.077073097229004;12;2
watchbasement;1.0;1.0;1.0309733152389526;45;6
silviali;0.4000000059604645;0.2285714285714286;1.0469586849212646;40;5
ghostpiss0o;0.0;0.0;1.1192628145217896;4;4
daenerys_got;1.0;0.0;0.6064220666885376;39;5
womprat_2m;1.0;0.0;0.6365538239479065;30;4
armando_yanez;0.5;0.3333333333333333;1.0864454507827759;3;4
timmysparks;1.0;0.0;0.640428900718689;2;2
skills4u2envy;0.5;0.3333333333333333;1.1083052158355713;9;2
jjxschae;0.3333333432674408;0.16666666666666666;1.09868323802948;3;3
ferasthrone;0.5;0.3333333333333333;1.062706470489502;46;6
milanelloman;0.1666666716337204;0.047619047619047616;1.1211010217666626;50;6
scottpreiss;0.5;0.3333333333333333;1.0959882736206055;12;2
winterfellpod;0.7222222089767456;0.6057347670250895;0.9072810411453247;324;36
altpress;1.0;1.0;1.0541836023330688;13;2
randomthrones;0.7272727489471436;0.6124401913875599;0.7999468445777893;198;22
roll4it;0.6666666865348816;0.5333333333333333;1.0518479347229004;52;6
pinkvilla;0.6785714030265808;0.5486322188449849;0.8522802591323853;248;28
quotebotmaster;0.36283186078071594;0.19319618434662686;1.2283523768450306;1012;113
goat_aus;0.25;0.1;1.100648045539856;32;4
bptml7;0.6666666865348816;0.5333333333333333;1.0726922750473022;19;3
judea05;0.3333333432674408;0.16666666666666666;1.0784975290298462;52;6
tyltgeek;0.75;0.6428571428571428;0.6663837432861328;31;4
oneperfectshot;0.5565217137336731;0.397959679378188;0.9969314316044683;1029;115
flash_titans;0.0;0.0;1.0934724807739258;126;14
tracilala;1.0;1.0;1.0356217622756958;45;5
redditfreefolk;0.6458333134651184;0.5068565400843882;0.9010434051354727;1723;192
r_h_bushell;0.20000000298023224;0.06666666666666668;1.0957372188568115;4;5
nightscast;0.5555555820465088;0.39682539682539686;0.9948787689208984;73;9
letsplays_deu;1.0;0.0;0.6541004776954651;9;2
stephenarch78;0.3333333432674408;0.16666666666666666;0.709883987903595;2;3
obienator;0.800000011920929;0.7111111111111111;1.0737459659576416;88;10
world0fwesteros;1.0;1.0;1.0692195892333984;9;1
adamatoulon;0.3333333432674408;0.16666666666666666;1.1225755214691162;2;3
robin_anne_14;0.5;0.3333333333333333;1.0830639600753784;15;2
kristhyajimenez;0.3333333432674408;0.16666666666666666;1.1068066358566284;22;3
villamicika;1.0;1.0;0.657370924949646;13;2
charitin_1;0.75;0.6428571428571428;1.06303071975708;34;4
bibabugs;0.5;0.3333333333333333;1.0928939580917358;28;4
tvguide;0.7123287916183472;0.5926575342465753;0.8441877316122186;649;73
geekdrinkstore;1.0;1.0;0.9756078124046326;35;4
sleepydragonart;1.0;1.0;0.6930317878723145;2;2
thatelfnerd;0.20000000298023224;0.06666666666666668;1.1119238138198853;4;5
kasumicos;0.3333333432674408;0.16666666666666666;1.1188173294067383;2;3
lenabellemusic;0.3333333432674408;0.16666666666666666;1.0965031385421753;3;3
westeroshistory;0.75;0.6428571428571428;0.6708312630653381;3;4
meawwofficial;0.692307710647583;0.5664335664335665;1.023134469985962;117;13
tracklistost;1.0;0.0;0.6618107557296753;3;3
fanglowgifts;0.8999999761581421;0.8526315789473685;0.41977882385253906;88;10
nerdflixchill;1.0;1.0;0.7841440571679009;323;36
culturecrave;0.8181818127632141;0.7363636363636363;1.0022143125534058;93;11
xfinity;0.3333333432674408;0.16666666666666666;1.0986623764038086;2;3
williamfuentes;0.5;0.3333333333333333;1.081148624420166;16;2
patchface2;0.0;0.0;1.1195100545883179;9;1
leo_ofredkeep;0.3333333432674408;0.16666666666666666;1.090335726737976;234;27
emileestarz;0.800000011920929;0.7111111111111111;1.0698143243789673;4;5
analyticmadness;0.6666666865348816;0.5333333333333333;1.0730905532836914;20;3
ew;0.6666666865348816;0.5333333333333333;0.9566922783851624;234;27
iamtherainxoxo;0.6875;0.5601851851851851;0.9522507190704346;136;16
indiewire;0.7142857313156128;0.5952380952380952;0.8592542689673754;437;49
tobibakrelyrics;0.5;0.3333333333333333;0.7192974090576172;14;2
athanalexander;0.5;0.3333333333333333;1.0791161060333252;15;2
haitiana4obama;0.0;0.0;1.1069937944412231;22;3
watchersotwall;0.9354838728904724;0.9043010752688171;0.4589952230453491;274;31
luziyt;1.0;0.0;0.6628060340881348;9;2
vt31008;0.8571428656578064;0.7912087912087912;1.0286400318145752;60;7
cammie_bluesky;0.0;0.0;1.137824296951294;27;4
divinebarrelclt;1.0;1.0;0.6386858224868774;2;3
ohheyhellothere;0.75;0.6428571428571428;0.6154747605323792;4;4
kaspersky;0.25;0.25;1.104887843132019;4;4
freefolkbot;0.6695652008056641;0.5370471014492753;0.8680089839990588;6204;690
got_maniac;0.875;0.8166666666666667;1.0215685367584229;72;8
barrypi;0.361623615026474;0.1920819208192082;1.079642153314119;2439;271
jtbroussard;0.0;0.0;1.0983266830444336;3;4
a_roderick23;1.0;1.0;1.043464183807373;11;2
thronesfacts;0.6666666865348816;0.5333333333333334;0.9052644911266509;376;42
mrpuzzetta;1.0;1.0;1.0648610591888428;12;2
steweaster;0.0;0.0;0.7062336802482605;2;3
darlingpleased1;0.5;0.3333333333333333;1.0696157217025757;12;2
watchbasement;1.0;1.0;0.9637066721916199;45;6
silviali;0.4000000059604645;0.2285714285714286;1.0621552467346191;40;5
ghostpiss0o;0.0;0.0;1.1187068223953247;4;4
daenerys_got;1.0;0.0;0.5434885025024414;39;5
womprat_2m;1.0;0.0;0.6658255457878113;30;4
armando_yanez;0.5;0.3333333333333333;1.0755937099456787;3;4
timmysparks;1.0;0.0;0.6426242589950562;2;2
skills4u2envy;0.5;0.3333333333333333;1.1011500358581543;9;2
jjxschae;0.0;0.0;1.1014643907546997;3;3
ferasthrone;0.5;0.3333333333333333;1.0846747159957886;46;6
milanelloman;0.3333333432674408;0.28571428571428575;1.0990008115768433;50;6
scottpreiss;0.5;0.3333333333333333;1.1068686246871948;12;2
winterfellpod;0.1666666716337204;0.047619047619047616;1.0475358963012695;324;36
altpress;1.0;1.0;1.0702118873596191;13;2
randomthrones;0.7272727489471436;0.6124401913875599;0.7997822165489197;198;22
roll4it;0.6666666865348816;0.5333333333333333;1.033250331878662;52;6
pinkvilla;0.6785714030265808;0.5486322188449849;0.8579977750778198;248;28
quotebotmaster;0.36283186078071594;0.19319618434662686;1.2212448204513144;1012;113
goat_aus;0.25;0.1;1.1187775135040283;32;4
bptml7;0.6666666865348816;0.5333333333333333;1.0430585145950317;19;3
judea05;0.3333333432674408;0.16666666666666666;1.088504672050476;52;6
tyltgeek;0.75;0.6428571428571428;0.6679564714431763;31;4
oneperfectshot;0.5565217137336731;0.397959679378188;0.9968859475591908;1029;115
flash_titans;0.0;0.0;1.153935432434082;126;14
tracilala;1.0;1.0;0.9882408380508423;45;5
redditfreefolk;0.6458333134651184;0.5068565400843882;0.8974117239316305;1723;192
r_h_bushell;0.20000000298023224;0.06666666666666668;1.099228858947754;4;5
nightscast;0.4444444477558136;0.2735042735042735;1.0325673818588257;73;9
letsplays_deu;1.0;0.0;0.6463240385055542;9;2
stephenarch78;0.3333333432674408;0.16666666666666666;0.7345854640007019;2;3
obienator;0.800000011920929;0.7111111111111111;1.0717260837554932;88;10
world0fwesteros;1.0;1.0;1.0489988327026367;9;1
adamatoulon;0.0;0.0;1.1184582710266113;2;3
robin_anne_14;0.5;0.3333333333333333;1.0789425373077393;15;2
kristhyajimenez;0.3333333432674408;0.16666666666666666;1.115412712097168;22;3
villamicika;1.0;1.0;0.6378993391990662;13;2
charitin_1;0.75;0.6428571428571428;1.0431017875671387;34;4
bibabugs;0.5;0.3333333333333333;1.0897208452224731;28;4
tvguide;0.7123287916183472;0.5926575342465753;0.8376028994991355;649;73
geekdrinkstore;1.0;1.0;1.0147539377212524;35;4
sleepydragonart;0.0;0.0;0.69328373670578;2;2
thatelfnerd;0.20000000298023224;0.06666666666666668;1.108931541442871;4;5
kasumicos;0.3333333432674408;0.16666666666666666;1.1049872636795044;2;3
lenabellemusic;0.3333333432674408;0.16666666666666666;1.1002665758132935;3;3
westeroshistory;0.75;0.6428571428571428;0.6773056983947754;3;4
meawwofficial;0.692307710647583;0.5664335664335665;0.9999992847442627;117;13
tracklistost;1.0;0.0;0.6117303967475891;3;3
fanglowgifts;0.8999999761581421;0.8526315789473685;0.5464155077934265;88;10
nerdflixchill;1.0;1.0;0.7985834214422438;323;36
culturecrave;0.8181818127632141;0.7363636363636363;0.956878125667572;93;11
xfinity;0.3333333432674408;0.16666666666666666;1.0981053113937378;2;3
williamfuentes;0.5;0.3333333333333333;1.0861177444458008;16;2
patchface2;0.0;0.0;1.1429136991500854;9;1
leo_ofredkeep;0.3333333432674408;0.16666666666666666;1.0932782888412476;234;27
emileestarz;0.800000011920929;0.7111111111111111;1.0621029138565063;4;5
analyticmadness;0.6666666865348816;0.5333333333333333;1.0844043493270874;20;3
ew;0.6666666865348816;0.5333333333333333;0.8702446818351746;234;27
iamtherainxoxo;0.6875;0.5601851851851851;1.001305103302002;136;16
indiewire;0.7142857313156128;0.5952380952380952;0.8620567869166939;437;49
tobibakrelyrics;0.5;0.3333333333333333;0.6950739026069641;14;2
athanalexander;0.5;0.3333333333333333;1.074730634689331;15;2
haitiana4obama;0.0;0.0;1.1187039613723755;22;3
watchersotwall;0.9354838728904724;0.9043010752688171;0.5056688785552979;274;31
luziyt;1.0;0.0;0.6678227782249451;9;2
vt31008;0.8571428656578064;0.7912087912087912;1.016086220741272;60;7
cammie_bluesky;0.0;0.0;1.1190824508666992;27;4
divinebarrelclt;1.0;1.0;0.6480100750923157;2;3
ohheyhellothere;0.75;0.6428571428571428;0.6677484512329102;4;4
kaspersky;0.5;0.3333333333333333;1.113155722618103;4;4
freefolkbot;0.6695652008056641;0.5370471014492753;0.8671317974726359;6204;690
got_maniac;0.875;0.8166666666666667;0.8591444492340088;72;8
barrypi;0.361623615026474;0.1920819208192082;1.0797772420728338;2439;271
jtbroussard;0.0;0.0;1.1019008159637451;3;4
