a_roderick23;1.0;1.0;1.0621246099472046;11;2
thronesfacts;0.6666666865348816;0.5333333333333334;0.8927491307258606;376;42
mrpuzzetta;1.0;1.0;1.078293800354004;12;2
steweaster;0.3333333432674408;0.3333333333333333;0.6944096088409424;2;3
darlingpleased1;0.5;0.3333333333333333;1.08670973777771;12;2
watchbasement;1.0;1.0;1.0056296586990356;45;6
silviali;0.4000000059604645;0.2285714285714286;1.0812129974365234;40;5
ghostpiss0o;0.0;0.0;1.1354832649230957;4;4
daenerys_got;1.0;0.0;0.568527340888977;39;5
womprat_2m;1.0;0.0;0.6535238027572632;30;4
armando_yanez;0.5;0.3333333333333333;1.0928044319152832;3;4
timmysparks;1.0;0.0;0.6754302978515625;2;2
skills4u2envy;0.0;0.0;1.1126630306243896;9;2
jjxschae;0.3333333432674408;0.16666666666666666;1.1002914905548096;3;3
ferasthrone;0.5;0.3333333333333333;1.0754965543746948;46;6
milanelloman;0.1666666716337204;0.047619047619047616;1.115256905555725;50;6
scottpreiss;0.5;0.3333333333333333;1.0972440242767334;12;2
winterfellpod;0.1666666716337204;0.047619047619047616;1.0368096696005926;324;36
altpress;1.0;1.0;1.0625455379486084;13;2
randomthrones;0.7272727489471436;0.6124401913875599;0.8391924500465393;198;22
roll4it;0.6666666865348816;0.5333333333333333;1.0672035217285156;52;6
pinkvilla;0.6785714030265808;0.5486322188449849;0.9915496110916138;248;28
quotebotmaster;0.36283186078071594;0.19319618434662686;1.2189796392896535;1012;113
goat_aus;0.25;0.1;1.096513032913208;32;4
bptml7;0.6666666865348816;0.5333333333333333;1.083579421043396;19;3
judea05;0.3333333432674408;0.16666666666666666;1.056989312171936;52;6
tyltgeek;0.75;0.6428571428571428;0.6823757886886597;31;4
oneperfectshot;0.5565217137336731;0.397959679378188;0.9951664230097895;1029;115
flash_titans;0.0;0.0;1.1203067302703857;126;14
tracilala;1.0;1.0;1.0494781732559204;45;5
redditfreefolk;0.6458333134651184;0.5068565400843882;0.9093153874079386;1723;192
r_h_bushell;0.20000000298023224;0.06666666666666668;1.0926692485809326;4;5
nightscast;0.4444444477558136;0.2735042735042735;1.0394366979599;73;9
letsplays_deu;1.0;0.0;0.6635807752609253;9;2
stephenarch78;0.3333333432674408;0.16666666666666666;0.7066662311553955;2;3
obienator;0.800000011920929;0.7111111111111111;1.0719106197357178;88;10
world0fwesteros;1.0;1.0;1.0641268491744995;9;1
adamatoulon;0.0;0.0;1.1282540559768677;2;3
robin_anne_14;0.5;0.3333333333333333;1.0775142908096313;15;2
kristhyajimenez;0.3333333432674408;0.3333333333333333;1.1161065101623535;22;3
villamicika;1.0;1.0;0.6805121302604675;13;2
charitin_1;0.75;0.6428571428571428;1.0925689935684204;34;4
bibabugs;0.25;0.125;1.0862774848937988;28;4
tvguide;0.7123287916183472;0.5926575342465753;0.8469504493556611;649;73
geekdrinkstore;1.0;1.0;1.0207552909851074;35;4
sleepydragonart;0.5;1.0;0.6931469440460205;2;2
thatelfnerd;0.20000000298023224;0.06666666666666668;1.1009021997451782;4;5
kasumicos;0.3333333432674408;0.16666666666666666;1.112042784690857;2;3
lenabellemusic;0.3333333432674408;0.16666666666666666;1.0907607078552246;3;3
westeroshistory;0.75;0.6428571428571428;0.6778945922851562;3;4
meawwofficial;0.692307710647583;0.5664335664335665;0.9634471535682678;117;13
tracklistost;1.0;0.0;0.6643187403678894;3;3
fanglowgifts;0.8999999761581421;0.8526315789473685;0.6248038411140442;88;10
nerdflixchill;1.0;1.0;0.8831656707657708;323;36
culturecrave;0.8181818127632141;0.7363636363636363;0.9592186212539673;93;11
xfinity;0.3333333432674408;0.2222222222222222;1.0902854204177856;2;3
williamfuentes;0.5;0.3333333333333333;1.0862411260604858;16;2
patchface2;0.0;0.0;1.1070338487625122;9;1
leo_ofredkeep;0.40740740299224854;0.23586744639376214;1.0867292881011963;234;27
emileestarz;0.800000011920929;0.7111111111111111;1.0820857286453247;4;5
analyticmadness;0.6666666865348816;0.5333333333333333;1.0773524045944214;20;3
ew;0.6666666865348816;0.5333333333333333;0.8899075388908386;234;27
iamtherainxoxo;0.6875;0.5601851851851851;1.044602632522583;136;16
indiewire;0.7142857313156128;0.5952380952380952;0.8912276783768012;437;49
tobibakrelyrics;0.5;0.3333333333333333;0.6925764083862305;14;2
athanalexander;0.5;0.3333333333333333;1.0834695100784302;15;2
haitiana4obama;0.0;0.0;1.1119303703308105;22;3
watchersotwall;0.9354838728904724;0.9043010752688171;0.8523339629173279;274;31
luziyt;1.0;0.0;0.6667219400405884;9;2
vt31008;0.8571428656578064;0.7912087912087912;1.029025673866272;60;7
cammie_bluesky;0.0;0.0;1.118757724761963;27;4
divinebarrelclt;1.0;1.0;0.663417398929596;2;3
ohheyhellothere;0.75;0.6428571428571428;0.6685372591018677;4;4
kaspersky;0.5;0.3333333333333333;1.1063919067382812;4;4
freefolkbot;0.6695652008056641;0.5370471014492753;0.8699208584384642;6204;690
got_maniac;0.875;0.8166666666666667;1.0443263053894043;72;8
barrypi;0.361623615026474;0.1920819208192082;1.0811197748923214;2439;271
jtbroussard;0.25;0.4;1.1004775762557983;3;4
a_roderick23;1.0;1.0;1.0600078105926514;11;2
thronesfacts;0.6666666865348816;0.5333333333333334;0.8634832955542064;376;42
mrpuzzetta;1.0;1.0;1.0588204860687256;12;2
steweaster;0.3333333432674408;0.16666666666666666;0.6994795799255371;2;3
darlingpleased1;0.5;0.3333333333333333;1.0884982347488403;12;2
watchbasement;1.0;1.0;1.0394726991653442;45;6
silviali;0.4000000059604645;0.2285714285714286;1.0567210912704468;40;5
ghostpiss0o;0.0;0.0;1.10743248462677;4;4
daenerys_got;1.0;0.0;0.5935583710670471;39;5
womprat_2m;1.0;0.0;0.6652180552482605;30;4
armando_yanez;0.0;0.0;1.0997623205184937;3;4
timmysparks;1.0;0.0;0.667483925819397;2;2
skills4u2envy;0.0;0.0;1.106851577758789;9;2
jjxschae;0.3333333432674408;0.16666666666666666;1.1005511283874512;3;3
ferasthrone;0.5;0.3333333333333333;1.0846554040908813;46;6
milanelloman;0.1666666716337204;0.047619047619047616;1.1163040399551392;50;6
scottpreiss;0.5;0.3333333333333333;1.0934087038040161;12;2
winterfellpod;0.7222222089767456;0.6057347670250895;0.9310852819018893;324;36
altpress;1.0;1.0;1.0736860036849976;13;2
randomthrones;0.7272727489471436;0.6124401913875599;0.8568753600120544;198;22
roll4it;0.6666666865348816;0.5333333333333333;1.0594239234924316;52;6
pinkvilla;0.6785714030265808;0.5486322188449849;0.9221683740615845;248;28
quotebotmaster;0.36283186078071594;0.19319618434662686;1.2237245635648744;1012;113
goat_aus;0.25;0.1;1.102083444595337;32;4
bptml7;0.3333333432674408;0.3333333333333333;1.0901868343353271;19;3
judea05;0.6666666865348816;0.5333333333333333;1.0525165796279907;52;6
tyltgeek;0.75;0.6428571428571428;0.6784698963165283;31;4
oneperfectshot;0.5565217137336731;0.397959679378188;0.9947334880414216;1029;115
flash_titans;0.1428571492433548;0.22448979591836737;1.0839803218841553;126;14
tracilala;1.0;1.0;1.0269722938537598;45;5
redditfreefolk;0.6458333134651184;0.5068565400843882;0.898112972577413;1723;192
r_h_bushell;0.20000000298023224;0.06666666666666668;1.1289823055267334;4;5
nightscast;0.4444444477558136;0.2735042735042735;1.0455317497253418;73;9
letsplays_deu;1.0;0.0;0.6717501282691956;9;2
stephenarch78;0.3333333432674408;0.16666666666666666;0.7018437385559082;2;3
obienator;0.800000011920929;0.7111111111111111;1.0661321878433228;88;10
world0fwesteros;1.0;1.0;1.0518213510513306;9;1
adamatoulon;0.0;0.0;1.1256769895553589;2;3
robin_anne_14;0.5;0.3333333333333333;1.0770292282104492;15;2
kristhyajimenez;0.0;0.0;1.118600845336914;22;3
villamicika;1.0;1.0;0.6658623218536377;13;2
charitin_1;0.75;0.6428571428571428;1.0708518028259277;34;4
bibabugs;0.5;0.3333333333333333;1.0856139659881592;28;4
tvguide;0.7123287916183472;0.5926575342465753;0.8391400787928333;649;73
geekdrinkstore;1.0;1.0;1.0259919166564941;35;4
sleepydragonart;0.5;1.0;0.6931469440460205;2;2
thatelfnerd;0.20000000298023224;0.06666666666666668;1.102712869644165;4;5
kasumicos;0.0;0.0;1.111802101135254;2;3
lenabellemusic;0.3333333432674408;0.16666666666666666;1.0974630117416382;3;3
westeroshistory;0.75;0.6428571428571428;0.6799958944320679;3;4
meawwofficial;0.692307710647583;0.5664335664335665;1.0639480352401733;117;13
tracklistost;1.0;0.0;0.6606830358505249;3;3
fanglowgifts;0.8999999761581421;0.8526315789473685;0.6217758655548096;88;10
nerdflixchill;1.0;1.0;0.7703996962971158;323;36
culturecrave;0.8181818127632141;0.7363636363636363;0.9913116693496704;93;11
xfinity;0.3333333432674408;0.16666666666666666;1.1012386083602905;2;3
williamfuentes;0.5;0.3333333333333333;1.0726239681243896;16;2
patchface2;0.0;0.0;1.1323466300964355;9;1
leo_ofredkeep;0.3333333432674408;0.16666666666666666;1.1008530855178833;234;27
emileestarz;0.800000011920929;0.7111111111111111;1.0724098682403564;4;5
analyticmadness;0.6666666865348816;0.5333333333333333;1.073991298675537;20;3
ew;0.6666666865348816;0.5333333333333333;0.9017795324325562;234;27
iamtherainxoxo;0.6875;0.5601851851851851;1.0209754705429077;136;16
indiewire;0.7142857313156128;0.5952380952380952;0.8564732427499733;437;49
tobibakrelyrics;0.5;0.3333333333333333;0.6941225528717041;14;2
athanalexander;0.5;0.3333333333333333;1.0784645080566406;15;2
haitiana4obama;0.6666666865348816;0.5333333333333333;1.0958070755004883;22;3
watchersotwall;0.9354838728904724;0.9043010752688171;0.6564765572547913;274;31
luziyt;1.0;0.0;0.6777116656303406;9;2
vt31008;0.8571428656578064;0.7912087912087912;1.0236996412277222;60;7
cammie_bluesky;0.0;0.0;1.1119565963745117;27;4
divinebarrelclt;1.0;1.0;0.6555879712104797;2;3
ohheyhellothere;0.75;0.6428571428571428;0.6690106391906738;4;4
kaspersky;0.0;0.0;1.1194936037063599;4;4
freefolkbot;0.6695652008056641;0.5370471014492753;0.8657290856043498;6204;690
got_maniac;0.875;0.8166666666666667;0.9932839870452881;72;8
barrypi;0.361623615026474;0.1920819208192082;1.0804037656291385;2439;271
jtbroussard;0.0;0.0;1.1024879217147827;3;4
a_roderick23;1.0;1.0;1.046576976776123;11;2
thronesfacts;0.6666666865348816;0.5333333333333334;0.885195601554144;376;42
mrpuzzetta;1.0;1.0;1.033034086227417;12;2
steweaster;0.0;0.0;0.6960301399230957;2;3
darlingpleased1;0.5;0.3333333333333333;1.0826525688171387;12;2
watchbasement;1.0;1.0;1.0368651151657104;45;6
silviali;0.4000000059604645;0.2285714285714286;1.0772230625152588;40;5
ghostpiss0o;0.0;0.0;1.1142845153808594;4;4
daenerys_got;1.0;0.0;0.6258633136749268;39;5
womprat_2m;1.0;0.0;0.6719329953193665;30;4
armando_yanez;0.5;0.3333333333333333;1.089585542678833;3;4
timmysparks;1.0;0.0;0.6718650460243225;2;2
skills4u2envy;0.5;0.3333333333333333;1.106217384338379;9;2
jjxschae;0.3333333432674408;0.16666666666666666;1.0963290929794312;3;3
ferasthrone;0.5;0.3333333333333333;1.0749367475509644;46;6
milanelloman;0.5;0.3333333333333333;1.0979056358337402;50;6
scottpreiss;0.5;0.5;1.1111029386520386;12;2
winterfellpod;0.7222222089767456;0.6057347670250895;0.9213779634899564;324;36
altpress;1.0;1.0;1.08340322971344;13;2
randomthrones;0.7272727489471436;0.6124401913875599;0.917778730392456;198;22
roll4it;0.6666666865348816;0.5333333333333333;1.0727564096450806;52;6
pinkvilla;0.6785714030265808;0.5486322188449849;1.0155887603759766;248;28
quotebotmaster;0.36283186078071594;0.19319618434662686;1.198728143641379;1012;113
goat_aus;0.25;0.1;1.1061909198760986;32;4
bptml7;0.6666666865348816;0.5333333333333333;1.0709699392318726;19;3
judea05;0.6666666865348816;0.5333333333333333;1.0857030153274536;52;6
tyltgeek;0.75;0.6428571428571428;0.6805149912834167;31;4
oneperfectshot;0.5565217137336731;0.397959679378188;0.9963286690090014;1029;115
flash_titans;0.0;0.0;1.0871409177780151;126;14
tracilala;1.0;1.0;1.0265675783157349;45;5
redditfreefolk;0.6458333134651184;0.5068565400843882;0.8990266720453898;1723;192
r_h_bushell;0.20000000298023224;0.06666666666666668;1.107525110244751;4;5
nightscast;0.4444444477558136;0.2735042735042735;1.0629463195800781;73;9
letsplays_deu;1.0;0.0;0.649610698223114;9;2
stephenarch78;0.3333333432674408;0.16666666666666666;0.7036178708076477;2;3
obienator;0.800000011920929;0.7111111111111111;1.0628927946090698;88;10
world0fwesteros;1.0;1.0;1.0684574842453003;9;1
adamatoulon;0.3333333432674408;0.16666666666666666;1.1395713090896606;2;3
robin_anne_14;0.5;0.3333333333333333;1.0828883647918701;15;2
kristhyajimenez;0.3333333432674408;0.16666666666666666;1.1243902444839478;22;3
villamicika;1.0;1.0;0.6620332598686218;13;2
charitin_1;0.75;0.6428571428571428;1.0865693092346191;34;4
bibabugs;0.25;0.1;1.0927526950836182;28;4
tvguide;0.7123287916183472;0.5926575342465753;0.8463836336789066;649;73
geekdrinkstore;1.0;1.0;1.0310338735580444;35;4
sleepydragonart;0.5;1.0;0.6931469440460205;2;2
thatelfnerd;0.20000000298023224;0.06666666666666668;1.1075648069381714;4;5
kasumicos;0.0;0.0;1.1124577522277832;2;3
lenabellemusic;0.3333333432674408;0.16666666666666666;1.0923610925674438;3;3
westeroshistory;0.75;0.6428571428571428;0.6802878379821777;3;4
meawwofficial;0.692307710647583;0.5664335664335665;1.05215585231781;117;13
tracklistost;1.0;0.0;0.6514739990234375;3;3
fanglowgifts;0.8999999761581421;0.8526315789473685;0.6338313817977905;88;10
nerdflixchill;1.0;1.0;0.8120992448594835;323;36
culturecrave;0.8181818127632141;0.7363636363636363;1.0396605730056763;93;11
xfinity;0.3333333432674408;0.16666666666666666;1.0961509943008423;2;3
williamfuentes;0.5;0.3333333333333333;1.0817362070083618;16;2
patchface2;0.0;0.0;1.1220779418945312;9;1
leo_ofredkeep;0.3333333432674408;0.16666666666666666;1.1017698049545288;234;27
emileestarz;0.800000011920929;0.7111111111111111;1.0730026960372925;4;5
analyticmadness;0.6666666865348816;0.5333333333333333;1.0879029035568237;20;3
ew;0.6666666865348816;0.5333333333333333;0.9485077857971191;234;27
iamtherainxoxo;0.6875;0.5601851851851851;0.9924253225326538;136;16
indiewire;0.7142857313156128;0.5952380952380952;0.8816613335998691;437;49
tobibakrelyrics;0.5;0.3333333333333333;0.6907033920288086;14;2
athanalexander;0.5;0.3333333333333333;1.0854206085205078;15;2
haitiana4obama;0.0;0.0;1.1083611249923706;22;3
watchersotwall;0.9354838728904724;0.9043010752688171;0.758213460445404;274;31
luziyt;1.0;0.0;0.6662177443504333;9;2
vt31008;0.8571428656578064;0.7912087912087912;1.047652006149292;60;7
cammie_bluesky;0.0;0.0;1.11220121383667;27;4
divinebarrelclt;1.0;1.0;0.6397720575332642;2;3
ohheyhellothere;0.75;0.6428571428571428;0.6849703788757324;4;4
kaspersky;0.0;0.0;1.116708517074585;4;4
freefolkbot;0.6695652008056641;0.5370471014492753;0.8671707516131194;6204;690
got_maniac;0.875;0.8166666666666667;1.0004246234893799;72;8
barrypi;0.361623615026474;0.1920819208192082;1.0787730199384513;2439;271
jtbroussard;0.0;0.0;1.1005939245224;3;4
a_roderick23;1.0;1.0;1.064162015914917;11;2
thronesfacts;0.6666666865348816;0.5333333333333334;0.8984855243137905;376;42
mrpuzzetta;1.0;1.0;1.069504737854004;12;2
steweaster;0.6666666865348816;0.5333333333333333;0.6820888519287109;2;3
darlingpleased1;0.5;0.3333333333333333;1.0801904201507568;12;2
watchbasement;1.0;1.0;1.023441195487976;45;6
silviali;0.4000000059604645;0.2285714285714286;1.0432119369506836;40;5
ghostpiss0o;0.0;0.0;1.116445541381836;4;4
daenerys_got;1.0;0.0;0.6405296921730042;39;5
womprat_2m;1.0;0.0;0.6584861874580383;30;4
armando_yanez;0.25;0.125;1.0923110246658325;3;4
timmysparks;1.0;0.0;0.6760866045951843;2;2
skills4u2envy;0.5;0.3333333333333333;1.103029489517212;9;2
jjxschae;0.3333333432674408;0.16666666666666666;1.101396083831787;3;3
ferasthrone;0.5;0.3333333333333333;1.083042025566101;46;6
milanelloman;0.3333333432674408;0.28571428571428575;1.1004524230957031;50;6
scottpreiss;0.5;0.3333333333333333;1.0991051197052002;12;2
winterfellpod;0.7222222089767456;0.6057347670250895;0.9757514794667562;324;36
altpress;1.0;1.0;1.0543580055236816;13;2
randomthrones;0.7272727489471436;0.6124401913875599;0.8939003348350525;198;22
roll4it;0.6666666865348816;0.5333333333333333;1.0608543157577515;52;6
pinkvilla;0.6785714030265808;0.5486322188449849;0.9228089451789856;248;28
quotebotmaster;0.36283186078071594;0.19319618434662686;1.210499054562729;1012;113
goat_aus;0.25;0.1;1.1085810661315918;32;4
bptml7;0.6666666865348816;0.5333333333333333;1.0779972076416016;19;3
judea05;0.3333333432674408;0.16666666666666666;1.0694879293441772;52;6
tyltgeek;0.75;0.6428571428571428;0.6773988008499146;31;4
oneperfectshot;0.5565217137336731;0.397959679378188;0.9978341994078263;1029;115
flash_titans;0.0;0.0;1.1156255006790161;126;14
tracilala;1.0;1.0;1.0082955360412598;45;5
redditfreefolk;0.6458333134651184;0.5068565400843882;0.9063579241434733;1723;192
r_h_bushell;0.20000000298023224;0.06666666666666668;1.1278260946273804;4;5
nightscast;0.4444444477558136;0.2735042735042735;1.0736441612243652;73;9
letsplays_deu;1.0;0.0;0.6489798426628113;9;2
stephenarch78;0.3333333432674408;0.16666666666666666;0.7086783051490784;2;3
obienator;0.800000011920929;0.7111111111111111;1.064437985420227;88;10
world0fwesteros;1.0;1.0;1.0728378295898438;9;1
adamatoulon;0.0;0.0;1.1204155683517456;2;3
robin_anne_14;0.5;0.3333333333333333;1.0843229293823242;15;2
kristhyajimenez;0.3333333432674408;0.16666666666666666;1.110313057899475;22;3
villamicika;1.0;1.0;0.6747961044311523;13;2
charitin_1;0.75;0.6428571428571428;1.0844086408615112;34;4
bibabugs;0.5;0.3333333333333333;1.0946604013442993;28;4
tvguide;0.7123287916183472;0.5926575342465753;0.8512001217228092;649;73
geekdrinkstore;1.0;1.0;1.0280799865722656;35;4
sleepydragonart;0.5;1.0;0.6931469440460205;2;2
thatelfnerd;0.20000000298023224;0.06666666666666668;1.1071803569793701;4;5
kasumicos;0.3333333432674408;0.2222222222222222;1.1085859537124634;2;3
lenabellemusic;0.3333333432674408;0.16666666666666666;1.0973552465438843;3;3
westeroshistory;0.75;0.6428571428571428;0.6790902614593506;3;4
meawwofficial;0.692307710647583;0.5664335664335665;0.948877215385437;117;13
tracklistost;1.0;0.0;0.6687431335449219;3;3
fanglowgifts;0.8999999761581421;0.8526315789473685;0.612459659576416;88;10
nerdflixchill;1.0;1.0;0.8163042929437425;323;36
culturecrave;0.8181818127632141;0.7363636363636363;0.9910776019096375;93;11
xfinity;0.3333333432674408;0.16666666666666666;1.0987845659255981;2;3
williamfuentes;0.5;0.3333333333333333;1.0905728340148926;16;2
patchface2;0.0;0.0;1.1206992864608765;9;1
leo_ofredkeep;0.3333333432674408;0.16666666666666666;1.086749792098999;234;27
emileestarz;0.800000011920929;0.7111111111111111;1.0746116638183594;4;5
analyticmadness;0.6666666865348816;0.5333333333333333;1.0825847387313843;20;3
ew;0.6666666865348816;0.5333333333333333;0.9329758286476135;234;27
iamtherainxoxo;0.6875;0.5601851851851851;0.9759269952774048;136;16
indiewire;0.7142857313156128;0.5952380952380952;0.8804515734010813;437;49
tobibakrelyrics;0.5;0.3333333333333333;0.6929411888122559;14;2
athanalexander;0.5;0.3333333333333333;1.0919134616851807;15;2
haitiana4obama;0.3333333432674408;0.3333333333333333;1.0986708402633667;22;3
watchersotwall;0.9354838728904724;0.9043010752688171;0.6238895654678345;274;31
luziyt;1.0;0.0;0.6528010964393616;9;2
vt31008;0.8571428656578064;0.7912087912087912;1.0657137632369995;60;7
cammie_bluesky;0.0;0.0;1.1113042831420898;27;4
divinebarrelclt;1.0;1.0;0.6575046181678772;2;3
ohheyhellothere;0.75;0.6428571428571428;0.6758413910865784;4;4
kaspersky;0.5;0.3333333333333333;1.1104683876037598;4;4
freefolkbot;0.6695652008056641;0.5370471014492753;0.8735705880151279;6204;690
got_maniac;0.875;0.8166666666666667;1.0418167114257812;72;8
barrypi;0.361623615026474;0.1920819208192082;1.0797528688318174;2439;271
jtbroussard;0.0;0.0;1.0996500253677368;3;4
a_roderick23;1.0;1.0;1.030133605003357;11;2
thronesfacts;0.6666666865348816;0.5333333333333334;1.0049947159630912;376;42
mrpuzzetta;1.0;1.0;1.0613512992858887;12;2
steweaster;0.6666666865348816;0.5333333333333333;0.6909734606742859;2;3
darlingpleased1;0.5;0.3333333333333333;1.0597621202468872;12;2
watchbasement;1.0;1.0;1.0274816751480103;45;6
silviali;0.4000000059604645;0.2285714285714286;1.0803906917572021;40;5
ghostpiss0o;0.0;0.0;1.1224312782287598;4;4
daenerys_got;1.0;0.0;0.5688823461532593;39;5
womprat_2m;1.0;0.0;0.6703585386276245;30;4
armando_yanez;0.5;0.3333333333333333;1.0856354236602783;3;4
timmysparks;1.0;0.0;0.6732503771781921;2;2
skills4u2envy;0.0;0.0;1.1089704036712646;9;2
jjxschae;0.3333333432674408;0.16666666666666666;1.1005072593688965;3;3
ferasthrone;0.5;0.3333333333333333;1.0838772058486938;46;6
milanelloman;0.1666666716337204;0.047619047619047616;1.1072779893875122;50;6
scottpreiss;0.5;0.3333333333333333;1.0938992500305176;12;2
winterfellpod;0.2777777910232544;0.28240740740740744;1.0164318084716797;324;36
altpress;1.0;1.0;1.0488122701644897;13;2
randomthrones;0.7272727489471436;0.6124401913875599;0.9464345574378967;198;22
roll4it;0.6666666865348816;0.5333333333333333;1.061004638671875;52;6
pinkvilla;0.6785714030265808;0.5486322188449849;0.8979345560073853;248;28
quotebotmaster;0.36283186078071594;0.19319618434662686;1.211537997279547;1012;113
goat_aus;0.25;0.1;1.1014304161071777;32;4
bptml7;0.6666666865348816;0.5333333333333333;1.0786620378494263;19;3
judea05;0.3333333432674408;0.16666666666666666;1.0847827196121216;52;6
tyltgeek;0.75;0.6428571428571428;0.6734529733657837;31;4
oneperfectshot;0.5565217137336731;0.397959679378188;1.0014296656069548;1029;115
flash_titans;0.0;0.0;1.100118637084961;126;14
tracilala;1.0;1.0;1.026681900024414;45;5
redditfreefolk;0.6458333134651184;0.5068565400843882;0.8982129593690237;1723;192
r_h_bushell;0.20000000298023224;0.06666666666666668;1.1122039556503296;4;5
nightscast;0.5555555820465088;0.39682539682539686;1.035504698753357;73;9
letsplays_deu;1.0;0.0;0.6534027457237244;9;2
stephenarch78;0.3333333432674408;0.16666666666666666;0.712291419506073;2;3
obienator;0.800000011920929;0.7111111111111111;1.0585401058197021;88;10
world0fwesteros;1.0;1.0;1.051450490951538;9;1
adamatoulon;0.0;0.0;1.1209381818771362;2;3
robin_anne_14;0.5;0.3333333333333333;1.0896575450897217;15;2
kristhyajimenez;0.3333333432674408;0.16666666666666666;1.124639868736267;22;3
villamicika;1.0;1.0;0.6762575507164001;13;2
charitin_1;0.75;0.6428571428571428;1.0688982009887695;34;4
bibabugs;0.5;0.3333333333333333;1.0848802328109741;28;4
tvguide;0.7123287916183472;0.5926575342465753;0.8463331836543672;649;73
geekdrinkstore;1.0;1.0;1.036651849746704;35;4
sleepydragonart;0.5;1.0;0.6931469440460205;2;2
thatelfnerd;0.20000000298023224;0.06666666666666668;1.1091675758361816;4;5
kasumicos;0.3333333432674408;0.16666666666666666;1.0893464088439941;2;3
lenabellemusic;0.3333333432674408;0.16666666666666666;1.0917552709579468;3;3
westeroshistory;0.75;0.6428571428571428;0.6793100833892822;3;4
meawwofficial;0.692307710647583;0.5664335664335665;1.058894395828247;117;13
tracklistost;1.0;0.0;0.661189615726471;3;3
fanglowgifts;0.8999999761581421;0.8526315789473685;0.6381188631057739;88;10
nerdflixchill;1.0;1.0;0.8877412544356452;323;36
culturecrave;0.8181818127632141;0.7363636363636363;1.0238022804260254;93;11
xfinity;0.3333333432674408;0.16666666666666666;1.1021699905395508;2;3
williamfuentes;0.5;0.3333333333333333;1.0937708616256714;16;2
patchface2;0.0;0.0;1.125808596611023;9;1
leo_ofredkeep;0.5555555820465088;0.4702093397745572;1.086483120918274;234;27
emileestarz;0.800000011920929;0.7111111111111111;1.0805455446243286;4;5
analyticmadness;0.3333333432674408;0.16666666666666666;1.0812031030654907;20;3
ew;0.6666666865348816;0.5333333333333333;0.9286843538284302;234;27
iamtherainxoxo;0.6875;0.5601851851851851;1.0398483276367188;136;16
indiewire;0.7142857313156128;0.5952380952380952;0.8754844483064146;437;49
tobibakrelyrics;0.5;0.3333333333333333;0.694202184677124;14;2
athanalexander;0.5;0.3333333333333333;1.1001070737838745;15;2
haitiana4obama;0.0;0.0;1.1153721809387207;22;3
watchersotwall;0.9354838728904724;0.9043010752688171;0.7321135997772217;274;31
luziyt;1.0;0.0;0.6697083115577698;9;2
vt31008;0.8571428656578064;0.7912087912087912;1.0381615161895752;60;7
cammie_bluesky;0.0;0.0;1.1110783815383911;27;4
divinebarrelclt;1.0;1.0;0.62599778175354;2;3
ohheyhellothere;0.75;0.6428571428571428;0.6719988584518433;4;4
kaspersky;0.0;0.0;1.108885645866394;4;4
freefolkbot;0.6695652008056641;0.5370471014492753;0.8684085820032202;6204;690
got_maniac;0.875;0.8166666666666667;0.9464775323867798;72;8
barrypi;0.361623615026474;0.1920819208192082;1.079780514829713;2439;271
jtbroussard;0.0;0.0;1.0962697267532349;3;4
