a_roderick23;1.0;1.0;1.0643928050994873;11;2
thronesfacts;0.6666666865348816;0.5333333333333334;0.9034952407791501;376;42
mrpuzzetta;1.0;1.0;1.0898289680480957;12;2
steweaster;1.0;1.0;0.6890419125556946;2;3
darlingpleased1;0.5;0.3333333333333333;1.0887398719787598;12;2
watchbasement;1.0;1.0;1.0752592086791992;45;6
silviali;0.4000000059604645;0.2285714285714286;1.087859869003296;40;5
ghostpiss0o;0.0;0.0;1.0968190431594849;4;4
daenerys_got;1.0;0.0;0.6387527585029602;39;5
womprat_2m;1.0;0.0;0.6812926530838013;30;4
armando_yanez;0.5;0.3333333333333333;1.0968564748764038;3;4
timmysparks;1.0;0.0;0.6861193776130676;2;2
skills4u2envy;0.5;0.3333333333333333;1.101282000541687;9;2
jjxschae;0.3333333432674408;0.2222222222222222;1.0987958908081055;3;3
ferasthrone;0.5;0.3333333333333333;1.089812994003296;46;6
milanelloman;0.1666666716337204;0.047619047619047616;1.1039067506790161;50;6
scottpreiss;0.5;0.3333333333333333;1.0954031944274902;12;2
winterfellpod;0.7222222089767456;0.6057347670250895;0.98231573899587;324;36
altpress;1.0;1.0;1.076365351676941;13;2
randomthrones;0.7272727489471436;0.6124401913875599;1.0186957120895386;198;22
roll4it;0.6666666865348816;0.5333333333333333;1.0763403177261353;52;6
pinkvilla;0.6785714030265808;0.5486322188449849;1.041286826133728;248;28
quotebotmaster;0.36283186078071594;0.19319618434662686;1.1928900701809773;1012;113
goat_aus;0.25;0.1;1.110873818397522;32;4
bptml7;0.6666666865348816;0.5333333333333333;1.093575358390808;19;3
judea05;0.5;0.45714285714285713;1.0793339014053345;52;6
tyltgeek;0.75;0.6428571428571428;0.6879329681396484;31;4
oneperfectshot;0.5565217137336731;0.397959679378188;1.004578427646471;1029;115
flash_titans;0.0;0.0;1.1066367626190186;126;14
tracilala;1.0;1.0;1.075978398323059;45;5
redditfreefolk;0.6458333134651184;0.5068565400843882;0.8972167174021403;1723;192
r_h_bushell;0.20000000298023224;0.06666666666666668;1.1043227910995483;4;5
nightscast;0.4444444477558136;0.2735042735042735;1.0804612636566162;73;9
letsplays_deu;1.0;0.0;0.6824622750282288;9;2
stephenarch78;0.3333333432674408;0.16666666666666666;0.705132782459259;2;3
obienator;0.800000011920929;0.7111111111111111;1.0888981819152832;88;10
world0fwesteros;1.0;1.0;1.084686517715454;9;1
adamatoulon;0.0;0.0;1.1074656248092651;2;3
robin_anne_14;0.5;0.3333333333333333;1.0931442975997925;15;2
kristhyajimenez;0.3333333432674408;0.16666666666666666;1.1101709604263306;22;3
villamicika;1.0;1.0;0.6584449410438538;13;2
charitin_1;0.75;0.6428571428571428;1.0916249752044678;34;4
bibabugs;0.5;0.3333333333333333;1.0982236862182617;28;4
tvguide;0.7123287916183472;0.5926575342465753;0.922642755181822;649;73
geekdrinkstore;1.0;1.0;1.0609575510025024;35;4
sleepydragonart;1.0;1.0;0.6930170655250549;2;2
thatelfnerd;0.20000000298023224;0.06666666666666668;1.1011711359024048;4;5
kasumicos;0.3333333432674408;0.2222222222222222;1.1044670343399048;2;3
lenabellemusic;0.3333333432674408;0.2222222222222222;1.0942524671554565;3;3
westeroshistory;0.75;0.6428571428571428;0.6819357872009277;3;4
meawwofficial;0.692307710647583;0.5664335664335665;1.042168140411377;117;13
tracklistost;1.0;0.0;0.6818389296531677;3;3
fanglowgifts;0.8999999761581421;0.8526315789473685;0.6216317415237427;88;10
nerdflixchill;1.0;1.0;0.9921072125434875;323;36
culturecrave;0.8181818127632141;0.7363636363636363;1.04822838306427;93;11
xfinity;0.3333333432674408;0.16666666666666666;1.0988670587539673;2;3
williamfuentes;0.5;0.3333333333333333;1.1004456281661987;16;2
patchface2;0.0;0.0;1.1154074668884277;9;1
leo_ofredkeep;0.40740740299224854;0.23586744639376214;1.0884560346603394;234;27
emileestarz;0.800000011920929;0.7111111111111111;1.0933175086975098;4;5
analyticmadness;0.3333333432674408;0.16666666666666666;1.0916626453399658;20;3
ew;0.6666666865348816;0.5333333333333333;1.0405526161193848;234;27
iamtherainxoxo;0.6875;0.5601851851851851;1.035096526145935;136;16
indiewire;0.7142857313156128;0.5952380952380952;0.9336923385153011;437;49
tobibakrelyrics;0.5;0.3333333333333333;0.6914247274398804;14;2
athanalexander;0.5;0.3333333333333333;1.0763850212097168;15;2
haitiana4obama;0.0;0.0;1.1054750680923462;22;3
watchersotwall;0.9354838728904724;0.9043010752688171;0.9321857690811157;274;31
luziyt;1.0;0.0;0.670663058757782;9;2
vt31008;0.8571428656578064;0.7912087912087912;1.07052481174469;60;7
cammie_bluesky;0.0;0.0;1.1018905639648438;27;4
divinebarrelclt;1.0;1.0;0.6774452328681946;2;3
ohheyhellothere;0.75;0.6428571428571428;0.690535306930542;4;4
kaspersky;0.0;0.0;1.1031725406646729;4;4
freefolkbot;0.6695652008056641;0.5370471014492753;0.8667590766713239;6204;690
got_maniac;0.875;0.8166666666666667;0.9976907968521118;72;8
barrypi;0.361623615026474;0.1920819208192082;1.078612947376012;2439;271
jtbroussard;0.0;0.0;1.0979536771774292;3;4
a_roderick23;1.0;1.0;1.0879018306732178;11;2
thronesfacts;0.6666666865348816;0.5333333333333334;0.9821035237539382;376;42
mrpuzzetta;1.0;1.0;1.0852237939834595;12;2
steweaster;0.3333333432674408;0.3333333333333333;0.6936072707176208;2;3
darlingpleased1;0.5;0.3333333333333333;1.0886770486831665;12;2
watchbasement;1.0;1.0;1.0667976140975952;45;6
silviali;0.4000000059604645;0.2285714285714286;1.087734341621399;40;5
ghostpiss0o;0.75;0.75;1.0935273170471191;4;4
daenerys_got;1.0;0.0;0.658126950263977;39;5
womprat_2m;1.0;0.0;0.6786794066429138;30;4
armando_yanez;0.5;0.3333333333333333;1.096560001373291;3;4
timmysparks;1.0;0.0;0.6786229014396667;2;2
skills4u2envy;0.5;0.5;1.086301565170288;9;2
jjxschae;0.3333333432674408;0.16666666666666666;1.1016908884048462;3;3
ferasthrone;0.5;0.3333333333333333;1.0861493349075317;46;6
milanelloman;0.5;0.3333333333333333;1.096676230430603;50;6
scottpreiss;0.0;0.0;1.101989984512329;12;2
winterfellpod;0.1666666716337204;0.047619047619047616;1.0408023330900404;324;36
altpress;1.0;1.0;1.0795878171920776;13;2
randomthrones;0.7272727489471436;0.6124401913875599;1.004209041595459;198;22
roll4it;0.6666666865348816;0.5333333333333333;1.0819613933563232;52;6
pinkvilla;0.6785714030265808;0.5486322188449849;1.0584911108016968;248;28
quotebotmaster;0.36283186078071594;0.19319618434662686;1.170867886163492;1012;113
goat_aus;0.25;0.1;1.1023341417312622;32;4
bptml7;0.6666666865348816;0.5333333333333333;1.093185305595398;19;3
judea05;0.3333333432674408;0.3333333333333333;1.0921802520751953;52;6
tyltgeek;0.75;0.6428571428571428;0.6897939443588257;31;4
oneperfectshot;0.5565217137336731;0.397959679378188;0.9964182045148766;1029;115
flash_titans;0.0;0.0;1.0977526903152466;126;14
tracilala;1.0;1.0;1.0646032094955444;45;5
redditfreefolk;0.6458333134651184;0.5068565400843882;0.8950194219748179;1723;192
r_h_bushell;0.20000000298023224;0.1;1.1111973524093628;4;5
nightscast;0.4444444477558136;0.2735042735042735;1.0726364850997925;73;9
letsplays_deu;1.0;0.0;0.6873855590820312;9;2
stephenarch78;0.3333333432674408;0.16666666666666666;0.6988369822502136;2;3
obienator;0.800000011920929;0.7111111111111111;1.0894571542739868;88;10
world0fwesteros;1.0;1.0;1.0819964408874512;9;1
adamatoulon;0.3333333432674408;0.16666666666666666;1.1024495363235474;2;3
robin_anne_14;0.5;0.3333333333333333;1.0941880941390991;15;2
kristhyajimenez;0.3333333432674408;0.16666666666666666;1.1028279066085815;22;3
villamicika;1.0;1.0;0.6670349836349487;13;2
charitin_1;0.75;0.6428571428571428;1.0888770818710327;34;4
bibabugs;0.5;0.3333333333333333;1.0952415466308594;28;4
tvguide;0.7123287916183472;0.5926575342465753;0.8647380659025009;649;73
geekdrinkstore;1.0;1.0;1.060741901397705;35;4
sleepydragonart;1.0;1.0;0.6925303339958191;2;2
thatelfnerd;0.20000000298023224;0.06666666666666668;1.1010863780975342;4;5
kasumicos;0.3333333432674408;0.3333333333333333;1.109239935874939;2;3
lenabellemusic;0.3333333432674408;0.16666666666666666;1.095951795578003;3;3
westeroshistory;0.75;0.6428571428571428;0.6851226687431335;3;4
meawwofficial;0.692307710647583;0.5664335664335665;1.0796369314193726;117;13
tracklistost;1.0;0.0;0.6803248524665833;3;3
fanglowgifts;0.8999999761581421;0.8526315789473685;0.6526572108268738;88;10
nerdflixchill;1.0;1.0;0.9117928213543363;323;36
culturecrave;0.8181818127632141;0.7363636363636363;1.0733115673065186;93;11
xfinity;0.3333333432674408;0.16666666666666666;1.0963292121887207;2;3
williamfuentes;0.5;0.3333333333333333;1.0954723358154297;16;2
patchface2;0.0;0.0;1.1205781698226929;9;1
leo_ofredkeep;0.3333333432674408;0.16666666666666666;1.0963497161865234;234;27
emileestarz;0.800000011920929;0.7111111111111111;1.0907971858978271;4;5
analyticmadness;0.6666666865348816;0.5333333333333333;1.091187834739685;20;3
ew;0.6666666865348816;0.5333333333333333;1.0612138509750366;234;27
iamtherainxoxo;0.6875;0.5601851851851851;1.0169918537139893;136;16
indiewire;0.7142857313156128;0.5952380952380952;0.9646664882192806;437;49
tobibakrelyrics;0.5;0.3333333333333333;0.693045973777771;14;2
athanalexander;0.5;0.3333333333333333;1.0947086811065674;15;2
haitiana4obama;0.6666666865348816;0.5333333333333333;1.0977543592453003;22;3
watchersotwall;0.9354838728904724;0.9043010752688171;0.9449007511138916;274;31
luziyt;1.0;0.0;0.675041675567627;9;2
vt31008;0.8571428656578064;0.7912087912087912;1.0629388093948364;60;7
cammie_bluesky;0.0;0.0;1.1080653667449951;27;4
divinebarrelclt;1.0;1.0;0.6788453459739685;2;3
ohheyhellothere;0.75;0.6428571428571428;0.6865782737731934;4;4
kaspersky;0.0;0.0;1.1021368503570557;4;4
freefolkbot;0.6695652008056641;0.5370471014492753;0.8684465548266536;6204;690
got_maniac;0.875;0.8166666666666667;1.0505410432815552;72;8
barrypi;0.361623615026474;0.1920819208192082;1.0791306566048373;2439;271
jtbroussard;0.75;0.8571428571428571;1.0923184156417847;3;4
a_roderick23;0.5;0.6666666666666666;1.0920934677124023;11;2
thronesfacts;0.6666666865348816;0.5333333333333334;1.019910460426694;376;42
mrpuzzetta;1.0;1.0;1.0512744188308716;12;2
steweaster;1.0;1.0;0.6873976588249207;2;3
darlingpleased1;0.5;0.3333333333333333;1.0951087474822998;12;2
watchbasement;1.0;1.0;1.029294490814209;45;6
silviali;0.4000000059604645;0.2285714285714286;1.0896497964859009;40;5
ghostpiss0o;0.0;0.0;1.1201050281524658;4;4
daenerys_got;1.0;0.0;0.6636946201324463;39;5
womprat_2m;1.0;0.0;0.6780957579612732;30;4
armando_yanez;0.25;0.1;1.0941078662872314;3;4
timmysparks;1.0;0.0;0.6736742258071899;2;2
skills4u2envy;0.0;0.0;1.1047782897949219;9;2
jjxschae;0.3333333432674408;0.16666666666666666;1.0993355512619019;3;3
ferasthrone;0.5;0.3333333333333333;1.083276629447937;46;6
milanelloman;0.5;0.3333333333333333;1.0970786809921265;50;6
scottpreiss;0.5;0.3333333333333333;1.0979788303375244;12;2
winterfellpod;0.7222222089767456;0.6057347670250895;1.0272126727634006;324;36
altpress;1.0;1.0;1.0733842849731445;13;2
randomthrones;0.7272727489471436;0.6124401913875599;1.0249959230422974;198;22
roll4it;0.6666666865348816;0.5333333333333333;1.08413565158844;52;6
pinkvilla;0.6785714030265808;0.5486322188449849;0.9923772215843201;248;28
quotebotmaster;0.36283186078071594;0.19319618434662686;1.2194482161935452;1012;113
goat_aus;0.25;0.1;1.1007634401321411;32;4
bptml7;0.6666666865348816;0.5333333333333333;1.0723294019699097;19;3
judea05;0.5;0.45714285714285713;1.076062798500061;52;6
tyltgeek;0.75;0.6428571428571428;0.6860774755477905;31;4
oneperfectshot;0.5565217137336731;0.397959679378188;0.9954311785490616;1029;115
flash_titans;0.0;0.0;1.0967376232147217;126;14
tracilala;1.0;1.0;1.061885118484497;45;5
redditfreefolk;0.6458333134651184;0.5068565400843882;0.9055381417274475;1723;192
r_h_bushell;0.20000000298023224;0.06666666666666668;1.1032044887542725;4;5
nightscast;0.4444444477558136;0.2735042735042735;1.049282431602478;73;9
letsplays_deu;1.0;0.0;0.6766233444213867;9;2
stephenarch78;0.3333333432674408;0.16666666666666666;0.6994994282722473;2;3
obienator;0.800000011920929;0.7111111111111111;1.0846021175384521;88;10
world0fwesteros;1.0;1.0;1.0894170999526978;9;1
adamatoulon;0.0;0.0;1.1092876195907593;2;3
robin_anne_14;0.5;0.3333333333333333;1.0905921459197998;15;2
kristhyajimenez;0.3333333432674408;0.16666666666666666;1.1015616655349731;22;3
villamicika;1.0;1.0;0.6739978790283203;13;2
charitin_1;0.25;0.375;1.094888687133789;34;4
bibabugs;0.25;0.1;1.0978301763534546;28;4
tvguide;0.7123287916183472;0.5926575342465753;0.8882934655228706;649;73
geekdrinkstore;1.0;1.0;1.0720515251159668;35;4
sleepydragonart;1.0;1.0;0.69200199842453;2;2
thatelfnerd;0.0;0.0;1.1043154001235962;4;5
kasumicos;0.3333333432674408;0.2222222222222222;1.1024466753005981;2;3
lenabellemusic;0.3333333432674408;0.16666666666666666;1.1009100675582886;3;3
westeroshistory;0.75;0.6428571428571428;0.6885857582092285;3;4
meawwofficial;0.692307710647583;0.5664335664335665;1.0697792768478394;117;13
tracklistost;1.0;0.0;0.6824507713317871;3;3
fanglowgifts;0.8999999761581421;0.8526315789473685;0.6609536409378052;88;10
nerdflixchill;1.0;1.0;1.0084107319513957;323;36
culturecrave;0.8181818127632141;0.7363636363636363;1.0564777851104736;93;11
xfinity;0.3333333432674408;0.16666666666666666;1.0970174074172974;2;3
williamfuentes;0.5;0.3333333333333333;1.0973496437072754;16;2
patchface2;0.0;0.0;1.118856430053711;9;1
leo_ofredkeep;0.29629629850387573;0.1523809523809524;1.0956435203552246;234;27
emileestarz;0.20000000298023224;0.06666666666666668;1.1042275428771973;4;5
analyticmadness;0.6666666865348816;0.5333333333333333;1.0899848937988281;20;3
ew;0.6666666865348816;0.5333333333333333;1.0337371826171875;234;27
iamtherainxoxo;0.6875;0.5601851851851851;1.0710244178771973;136;16
indiewire;0.7142857313156128;0.5952380952380952;0.9648249976489008;437;49
tobibakrelyrics;0.5;0.3333333333333333;0.6947335004806519;14;2
athanalexander;0.5;0.3333333333333333;1.0921754837036133;15;2
haitiana4obama;0.0;0.0;1.1031098365783691;22;3
watchersotwall;0.9354838728904724;0.9043010752688171;0.975250780582428;274;31
luziyt;1.0;0.0;0.6552292108535767;9;2
vt31008;0.8571428656578064;0.7912087912087912;1.076567530632019;60;7
cammie_bluesky;0.0;0.0;1.1013844013214111;27;4
divinebarrelclt;1.0;1.0;0.6829862594604492;2;3
ohheyhellothere;0.25;0.30000000000000004;0.7040342092514038;4;4
kaspersky;0.0;0.0;1.1054704189300537;4;4
freefolkbot;0.6695652008056641;0.5370471014492753;0.8704624310783718;6204;690
got_maniac;0.875;0.8166666666666667;1.0741782188415527;72;8
barrypi;0.361623615026474;0.1920819208192082;1.0784944924921127;2439;271
jtbroussard;1.0;1.0;1.0971513986587524;3;4
a_roderick23;1.0;1.0;1.0817359685897827;11;2
thronesfacts;0.6666666865348816;0.5333333333333334;1.0030136505762737;376;42
mrpuzzetta;1.0;1.0;1.0889668464660645;12;2
steweaster;0.6666666865348816;0.5333333333333333;0.6926835179328918;2;3
darlingpleased1;0.5;0.3333333333333333;1.0885260105133057;12;2
watchbasement;1.0;1.0;1.061461091041565;45;6
silviali;0.4000000059604645;0.34285714285714286;1.0805429220199585;40;5
ghostpiss0o;0.0;0.0;1.1018270254135132;4;4
daenerys_got;1.0;0.0;0.6613209843635559;39;5
womprat_2m;1.0;0.0;0.681441605091095;30;4
armando_yanez;0.5;0.3333333333333333;1.0928516387939453;3;4
timmysparks;1.0;0.0;0.6753032207489014;2;2
skills4u2envy;0.0;0.0;1.103621244430542;9;2
jjxschae;0.3333333432674408;0.16666666666666666;1.101189136505127;3;3
ferasthrone;0.5;0.3333333333333333;1.0907862186431885;46;6
milanelloman;0.1666666716337204;0.047619047619047616;1.114940881729126;50;6
scottpreiss;0.5;0.3333333333333333;1.0978361368179321;12;2
winterfellpod;0.7222222089767456;0.6057347670250895;1.0372820165422227;324;36
altpress;1.0;1.0;1.078993320465088;13;2
randomthrones;0.7272727489471436;0.6124401913875599;0.951855480670929;198;22
roll4it;0.6666666865348816;0.5333333333333333;1.0785337686538696;52;6
pinkvilla;0.6785714030265808;0.5486322188449849;1.0325400829315186;248;28
quotebotmaster;0.36283186078071594;0.19319618434662686;1.214346086029458;1012;113
goat_aus;0.25;0.1;1.0954972505569458;32;4
bptml7;0.6666666865348816;0.5333333333333333;1.090636134147644;19;3
judea05;0.3333333432674408;0.16666666666666666;1.0925019979476929;52;6
tyltgeek;0.75;0.6428571428571428;0.6832535266876221;31;4
oneperfectshot;0.5565217137336731;0.397959679378188;0.9986538109572037;1029;115
flash_titans;0.0;0.0;1.0975993871688843;126;14
tracilala;1.0;1.0;1.0867112874984741;45;5
redditfreefolk;0.6458333134651184;0.5068565400843882;0.8966238001982371;1723;192
r_h_bushell;0.6000000238418579;0.5333333333333333;1.0956658124923706;4;5
nightscast;0.4444444477558136;0.2735042735042735;1.0773011445999146;73;9
letsplays_deu;1.0;0.0;0.6635897755622864;9;2
stephenarch78;0.3333333432674408;0.16666666666666666;0.6965780854225159;2;3
obienator;0.800000011920929;0.7111111111111111;1.0831063985824585;88;10
world0fwesteros;1.0;1.0;1.0827324390411377;9;1
adamatoulon;0.0;0.0;1.101070523262024;2;3
robin_anne_14;0.5;0.3333333333333333;1.0896885395050049;15;2
kristhyajimenez;0.3333333432674408;0.16666666666666666;1.1044424772262573;22;3
villamicika;1.0;1.0;0.6808384656906128;13;2
charitin_1;0.0;0.0;1.0981659889221191;34;4
bibabugs;0.25;0.1;1.0978209972381592;28;4
tvguide;0.7123287916183472;0.5926575342465753;0.859739460357248;649;73
geekdrinkstore;1.0;1.0;1.0666509866714478;35;4
sleepydragonart;1.0;1.0;0.6930294632911682;2;2
thatelfnerd;0.4000000059604645;0.3466666666666667;1.0966005325317383;4;5
kasumicos;0.0;0.0;1.1228355169296265;2;3
lenabellemusic;0.3333333432674408;0.16666666666666666;1.0974794626235962;3;3
westeroshistory;0.75;0.6428571428571428;0.683495044708252;3;4
meawwofficial;0.692307710647583;0.5664335664335665;1.0597888231277466;117;13
tracklistost;1.0;0.0;0.6782034039497375;3;3
fanglowgifts;0.8999999761581421;0.8526315789473685;0.6004678606987;88;10
nerdflixchill;1.0;1.0;0.9724748796886868;323;36
culturecrave;0.8181818127632141;0.7363636363636363;1.0301066637039185;93;11
xfinity;0.3333333432674408;0.16666666666666666;1.0995694398880005;2;3
williamfuentes;0.5;0.3333333333333333;1.0931434631347656;16;2
patchface2;0.0;0.0;1.1549937725067139;9;1
leo_ofredkeep;0.3333333432674408;0.16666666666666666;1.1012837886810303;234;27
emileestarz;0.800000011920929;0.7111111111111111;1.0806505680084229;4;5
analyticmadness;0.6666666865348816;0.5333333333333333;1.0873552560806274;20;3
ew;0.6666666865348816;0.5333333333333333;1.0213453769683838;234;27
iamtherainxoxo;0.6875;0.5601851851851851;1.075035810470581;136;16
indiewire;0.7142857313156128;0.5952380952380952;0.9357833533870931;437;49
tobibakrelyrics;0.5;0.3333333333333333;0.6927857995033264;14;2
athanalexander;0.5;0.3333333333333333;1.091007947921753;15;2
haitiana4obama;0.0;0.0;1.1024737358093262;22;3
watchersotwall;0.9354838728904724;0.9043010752688171;0.8871461749076843;274;31
luziyt;1.0;0.0;0.6770727634429932;9;2
vt31008;0.8571428656578064;0.7912087912087912;1.0727750062942505;60;7
cammie_bluesky;0.5;0.4;1.0980112552642822;27;4
divinebarrelclt;1.0;1.0;0.6699202656745911;2;3
ohheyhellothere;0.75;0.6428571428571428;0.6799604892730713;4;4
kaspersky;0.5;0.3333333333333333;1.1021801233291626;4;4
freefolkbot;0.6695652008056641;0.5370471014492753;0.8683879017829895;6204;690
got_maniac;0.875;0.8166666666666667;1.041292428970337;72;8
barrypi;0.361623615026474;0.1920819208192082;1.0804703578737829;2439;271
jtbroussard;0.0;0.0;1.0980298519134521;3;4
a_roderick23;1.0;1.0;1.0834153890609741;11;2
thronesfacts;0.6666666865348816;0.5333333333333334;0.9982139979090009;376;42
mrpuzzetta;1.0;1.0;1.0837452411651611;12;2
steweaster;0.3333333432674408;0.16666666666666666;0.6961738467216492;2;3
darlingpleased1;0.5;0.3333333333333333;1.085526704788208;12;2
watchbasement;1.0;1.0;1.0810383558273315;45;6
silviali;0.6000000238418579;0.4499999999999999;1.075442910194397;40;5
ghostpiss0o;0.0;0.0;1.120460867881775;4;4
daenerys_got;1.0;0.0;0.6725003719329834;39;5
womprat_2m;1.0;0.0;0.6834548711776733;30;4
armando_yanez;0.25;0.1;1.0974863767623901;3;4
timmysparks;1.0;0.0;0.6789911389350891;2;2
skills4u2envy;0.0;0.0;1.1085751056671143;9;2
jjxschae;0.3333333432674408;0.16666666666666666;1.0976258516311646;3;3
ferasthrone;0.5;0.3333333333333333;1.0919932126998901;46;6
milanelloman;0.5;0.3333333333333333;1.0980110168457031;50;6
scottpreiss;0.5;0.3333333333333333;1.0955424308776855;12;2
winterfellpod;0.7222222089767456;0.6057347670250895;0.9642155170440674;324;36
altpress;1.0;1.0;1.083484411239624;13;2
randomthrones;0.7272727489471436;0.6124401913875599;1.028688669204712;198;22
roll4it;0.6666666865348816;0.5333333333333333;1.0835942029953003;52;6
pinkvilla;0.6785714030265808;0.5486322188449849;0.9615282416343689;248;28
quotebotmaster;0.36283186078071594;0.19319618434662686;1.164851273055625;1012;113
goat_aus;0.25;0.1;1.1016178131103516;32;4
bptml7;0.6666666865348816;0.5333333333333333;1.0885720252990723;19;3
judea05;0.3333333432674408;0.16666666666666666;1.0625052452087402;52;6
tyltgeek;0.75;0.6428571428571428;0.6871324777603149;31;4
oneperfectshot;0.5565217137336731;0.397959679378188;1.0013906634372214;1029;115
flash_titans;0.0;0.0;1.1104907989501953;126;14
tracilala;1.0;1.0;1.0379682779312134;45;5
redditfreefolk;0.6458333134651184;0.5068565400843882;0.8974077800909678;1723;192
r_h_bushell;0.20000000298023224;0.06666666666666668;1.1022677421569824;4;5
nightscast;0.4444444477558136;0.2735042735042735;1.0559422969818115;73;9
letsplays_deu;1.0;0.0;0.6516093611717224;9;2
stephenarch78;0.3333333432674408;0.16666666666666666;0.6962276101112366;2;3
obienator;0.800000011920929;0.7111111111111111;1.081037163734436;88;10
world0fwesteros;1.0;1.0;1.0844261646270752;9;1
adamatoulon;0.0;0.0;1.1067513227462769;2;3
robin_anne_14;0.5;0.3333333333333333;1.0885051488876343;15;2
kristhyajimenez;0.3333333432674408;0.16666666666666666;1.105631947517395;22;3
villamicika;1.0;1.0;0.6786986589431763;13;2
charitin_1;0.75;0.6428571428571428;1.0886327028274536;34;4
bibabugs;0.5;0.3333333333333333;1.0957415103912354;28;4
tvguide;0.7123287916183472;0.5926575342465753;0.9011761929890881;649;73
geekdrinkstore;1.0;1.0;1.0845701694488525;35;4
sleepydragonart;1.0;1.0;0.692635178565979;2;2
thatelfnerd;0.20000000298023224;0.2;1.1019041538238525;4;5
kasumicos;0.3333333432674408;0.16666666666666666;1.106763482093811;2;3
lenabellemusic;0.3333333432674408;0.16666666666666666;1.1042746305465698;3;3
westeroshistory;0.75;0.6428571428571428;0.6876684427261353;3;4
meawwofficial;0.692307710647583;0.5664335664335665;1.058995008468628;117;13
tracklistost;1.0;0.0;0.6732968688011169;3;3
fanglowgifts;0.8999999761581421;0.8526315789473685;0.6595948934555054;88;10
nerdflixchill;1.0;1.0;0.922919233640035;323;36
culturecrave;0.8181818127632141;0.7363636363636363;1.009440541267395;93;11
xfinity;0.3333333432674408;0.16666666666666666;1.0986216068267822;2;3
williamfuentes;0.5;0.3333333333333333;1.0926830768585205;16;2
patchface2;0.0;0.0;1.116074800491333;9;1
leo_ofredkeep;0.40740740299224854;0.23586744639376214;1.090213656425476;234;27
emileestarz;0.800000011920929;0.7111111111111111;1.0604722499847412;4;5
analyticmadness;0.6666666865348816;0.5333333333333333;1.0836273431777954;20;3
ew;0.6666666865348816;0.5333333333333333;1.0463534593582153;234;27
iamtherainxoxo;0.6875;0.5601851851851851;1.0683932304382324;136;16
indiewire;0.7142857313156128;0.5952380952380952;0.9720313317921697;437;49
tobibakrelyrics;0.5;0.3333333333333333;0.6934515237808228;14;2
athanalexander;0.5;0.3333333333333333;1.094484806060791;15;2
haitiana4obama;0.0;0.0;1.1039079427719116;22;3
watchersotwall;0.9354838728904724;0.9043010752688171;0.9619600772857666;274;31
luziyt;1.0;0.0;0.692732036113739;9;2
vt31008;0.8571428656578064;0.7912087912087912;1.0825096368789673;60;7
cammie_bluesky;0.0;0.0;1.1084434986114502;27;4
divinebarrelclt;1.0;1.0;0.6836116909980774;2;3
ohheyhellothere;0.75;0.6428571428571428;0.6879376769065857;4;4
kaspersky;0.0;0.0;1.110318660736084;4;4
freefolkbot;0.6695652008056641;0.5370471014492753;0.8708820374115653;6204;690
got_maniac;0.875;0.8166666666666667;1.0424494743347168;72;8
barrypi;0.361623615026474;0.1920819208192082;1.0806256110377856;2439;271
jtbroussard;0.75;0.8571428571428571;1.0963832139968872;3;4
