a_roderick23;0.5;0.6666666666666666;1.1619757413864136;11;2
thronesfacts;0.6666666865348816;0.5333333333333334;0.8757986823717753;376;42
mrpuzzetta;0.0;0.0;1.153130292892456;12;2
steweaster;0.6666666865348816;0.6666666666666666;0.529778778553009;2;3
darlingpleased1;0.5;0.3333333333333333;1.0641295909881592;12;2
watchbasement;1.0;1.0;0.7190168499946594;45;6
silviali;0.4000000059604645;0.2285714285714286;0.9424698948860168;40;5
ghostpiss0o;0.75;0.6428571428571428;0.9656879901885986;4;4
daenerys_got;1.0;0.0;0.39196497201919556;39;5
womprat_2m;1.0;0.0;0.6112285256385803;30;4
armando_yanez;0.0;0.0;1.30914306640625;3;4
timmysparks;1.0;0.0;0.5701354742050171;2;2
skills4u2envy;0.0;0.0;1.1306955814361572;9;2
jjxschae;0.0;0.0;1.448478102684021;3;3
ferasthrone;0.5;0.37499999999999994;1.0304979085922241;46;6
milanelloman;0.1666666716337204;0.047619047619047616;1.1250677108764648;50;6
scottpreiss;0.5;0.3333333333333333;0.9932488799095154;12;2
winterfellpod;0.1666666716337204;0.047619047619047616;1.0457985666063097;324;36
altpress;0.0;0.0;1.0467087030410767;13;2
randomthrones;0.7272727489471436;0.6124401913875599;0.797551155090332;198;22
roll4it;0.6666666865348816;0.5333333333333333;0.9960468411445618;52;6
pinkvilla;0.6428571343421936;0.5428571428571428;0.872692883014679;248;28
quotebotmaster;0.36283186078071594;0.19319618434662686;1.2382070891625059;1012;113
goat_aus;0.25;0.2;1.1207804679870605;32;4
bptml7;0.3333333432674408;0.3333333333333333;1.0524330139160156;19;3
judea05;0.6666666865348816;0.5333333333333333;0.8642842173576355;52;6
tyltgeek;0.75;0.6428571428571428;0.5983090400695801;31;4
oneperfectshot;0.5565217137336731;0.397959679378188;0.9905093410740728;1029;115
flash_titans;0.0;0.0;1.157119870185852;126;14
tracilala;1.0;1.0;0.9680822491645813;45;5
redditfreefolk;0.6458333134651184;0.5068565400843882;0.8972772657871246;1723;192
r_h_bushell;0.20000000298023224;0.06666666666666668;1.4917209148406982;4;5
nightscast;0.5555555820465088;0.5444444444444445;1.0275585651397705;73;9
letsplays_deu;0.0;1.0;0.7266701459884644;9;2
stephenarch78;0.6666666865348816;0.6666666666666666;0.6056485176086426;2;3
obienator;0.800000011920929;0.7111111111111111;0.8427826166152954;88;10
world0fwesteros;1.0;1.0;1.0315234661102295;9;1
adamatoulon;0.3333333432674408;0.2222222222222222;1.091659426689148;2;3
robin_anne_14;0.5;0.3333333333333333;1.0966956615447998;15;2
kristhyajimenez;0.0;0.0;1.1764851808547974;22;3
villamicika;1.0;1.0;0.6370897889137268;13;2
charitin_1;0.5;0.5;0.9618220329284668;34;4
bibabugs;0.25;0.1;1.1934983730316162;28;4
tvguide;0.7123287916183472;0.5926575342465753;0.8262859435930644;649;73
geekdrinkstore;0.75;0.8571428571428571;0.8412074446678162;35;4
sleepydragonart;0.0;0.0;0.6980117559432983;2;2
thatelfnerd;0.0;0.0;1.2471415996551514;4;5
kasumicos;0.6666666865348816;0.5333333333333333;0.7594780325889587;2;3
lenabellemusic;0.3333333432674408;0.16666666666666666;1.1186366081237793;3;3
westeroshistory;0.75;0.7666666666666667;0.683049738407135;3;4
meawwofficial;0.692307710647583;0.5664335664335665;0.7917789816856384;117;13
tracklistost;1.0;0.0;0.5566530823707581;3;3
fanglowgifts;0.699999988079071;0.7411764705882353;0.5650445818901062;88;10
nerdflixchill;1.0;1.0;0.8482204808129205;323;36
culturecrave;0.8181818127632141;0.7363636363636363;0.8909704089164734;93;11
xfinity;0.3333333432674408;0.16666666666666666;1.0862995386123657;2;3
williamfuentes;0.5;0.3333333333333333;1.0326493978500366;16;2
patchface2;0.0;0.0;1.5037057399749756;9;1
leo_ofredkeep;0.3333333432674408;0.25141612200435726;1.1279935836791992;234;27
emileestarz;0.0;0.0;1.1375221014022827;4;5
analyticmadness;0.6666666865348816;0.5333333333333333;0.8812419772148132;20;3
ew;0.6666666865348816;0.5333333333333333;0.8688790798187256;234;27
iamtherainxoxo;0.6875;0.5601851851851851;0.8253781795501709;136;16
indiewire;0.7142857313156128;0.5952380952380952;0.8338042108380065;437;49
tobibakrelyrics;0.5;0.3333333333333333;0.7747045755386353;14;2
athanalexander;0.0;0.0;1.459230661392212;15;2
haitiana4obama;0.3333333432674408;0.16666666666666666;1.0633034706115723;22;3
watchersotwall;0.9354838728904724;0.9043010752688171;0.6427820324897766;274;31
luziyt;1.0;0.0;0.3948048949241638;9;2
vt31008;0.7142857313156128;0.7142857142857143;1.0984218120574951;60;7
cammie_bluesky;0.5;0.3333333333333333;1.0524853467941284;27;4
divinebarrelclt;0.0;0.0;0.9351754784584045;2;3
ohheyhellothere;0.75;0.6428571428571428;0.47905516624450684;4;4
kaspersky;0.5;0.3333333333333333;1.0168615579605103;4;4
freefolkbot;0.6695652008056641;0.5370471014492753;0.8651204898737479;6204;690
got_maniac;0.875;0.891025641025641;0.9356239438056946;72;8
barrypi;0.361623615026474;0.1920819208192082;1.0781813085739023;2439;271
jtbroussard;0.75;0.8571428571428571;1.2110106945037842;3;4
a_roderick23;1.0;1.0;0.8668537139892578;11;2
thronesfacts;0.4285714328289032;0.443001443001443;1.055080737386431;376;42
mrpuzzetta;0.0;0.0;0.9417127966880798;12;2
steweaster;1.0;1.0;0.481400728225708;2;3
darlingpleased1;0.5;0.3333333333333333;0.8475112915039062;12;2
watchbasement;1.0;1.0;0.9257454872131348;45;6
silviali;0.6000000238418579;0.4499999999999999;0.8327770233154297;40;5
ghostpiss0o;0.0;0.0;1.181714653968811;4;4
daenerys_got;1.0;0.0;0.538876473903656;39;5
womprat_2m;1.0;0.0;0.5485594272613525;30;4
armando_yanez;0.5;0.3333333333333333;1.0968354940414429;3;4
timmysparks;1.0;0.0;0.6132632493972778;2;2
skills4u2envy;0.0;0.0;1.2720072269439697;9;2
jjxschae;0.3333333432674408;0.16666666666666666;1.1184446811676025;3;3
ferasthrone;0.3333333432674408;0.16666666666666666;1.121141791343689;46;6
milanelloman;0.3333333432674408;0.16666666666666666;1.4295305013656616;50;6
scottpreiss;0.5;0.3333333333333333;1.0672731399536133;12;2
winterfellpod;0.7222222089767456;0.6057347670250895;0.9375457631217109;324;36
altpress;1.0;1.0;1.032630205154419;13;2
randomthrones;0.7272727489471436;0.6124401913875599;0.8919866681098938;198;22
roll4it;0.6666666865348816;0.611111111111111;0.9698932766914368;52;6
pinkvilla;0.6785714030265808;0.5486322188449849;0.8789601922035217;248;28
quotebotmaster;0.36283186078071594;0.19319618434662686;1.2565455900884308;1012;113
goat_aus;0.25;0.3333333333333333;1.0846896171569824;32;4
bptml7;0.3333333432674408;0.16666666666666666;1.0955183506011963;19;3
judea05;0.1666666716337204;0.1904761904761905;1.0636162757873535;52;6
tyltgeek;0.5;0.5;0.6850606799125671;31;4
oneperfectshot;0.5565217137336731;0.397959679378188;1.0069411733876104;1029;115
flash_titans;0.7142857313156128;0.7142857142857143;1.016284704208374;126;14
tracilala;1.0;1.0;0.7803536057472229;45;5
redditfreefolk;0.6458333134651184;0.5068565400843882;0.8928236365318298;1723;192
r_h_bushell;0.4000000059604645;0.38;1.030354380607605;4;5
nightscast;0.4444444477558136;0.2735042735042735;0.9042167663574219;73;9
letsplays_deu;1.0;0.0;0.5252840518951416;9;2
stephenarch78;0.3333333432674408;0.16666666666666666;1.206647515296936;2;3
obienator;0.800000011920929;0.7111111111111111;0.9827181100845337;88;10
world0fwesteros;1.0;1.0;0.9751641750335693;9;1
adamatoulon;0.3333333432674408;0.16666666666666666;1.0642145872116089;2;3
robin_anne_14;0.5;0.3333333333333333;1.0927050113677979;15;2
kristhyajimenez;0.3333333432674408;0.3333333333333333;1.076785683631897;22;3
villamicika;1.0;1.0;0.5735267400741577;13;2
charitin_1;0.75;0.6428571428571428;1.0514771938323975;34;4
bibabugs;0.0;0.0;1.1069910526275635;28;4
tvguide;0.7123287916183472;0.5926575342465753;0.8573796928745426;649;73
geekdrinkstore;0.0;0.0;1.1649951934814453;35;4
sleepydragonart;1.0;1.0;0.6894589066505432;2;2
thatelfnerd;0.0;0.0;1.1238617897033691;4;5
kasumicos;0.0;0.0;1.2983145713806152;2;3
lenabellemusic;0.6666666865348816;0.5555555555555555;1.0543893575668335;3;3
westeroshistory;0.75;0.6428571428571428;0.6344367265701294;3;4
meawwofficial;0.692307710647583;0.5664335664335665;0.9787540435791016;117;13
tracklistost;1.0;0.0;0.6373066306114197;3;3
fanglowgifts;0.8999999761581421;0.8526315789473685;0.6386982202529907;88;10
nerdflixchill;1.0;1.0;0.7026024394565158;323;36
culturecrave;0.09090909361839294;0.015151515151515154;1.0270724296569824;93;11
xfinity;0.0;0.0;1.3192918300628662;2;3
williamfuentes;0.0;0.0;1.1282179355621338;16;2
patchface2;1.0;1.0;0.6873003244400024;9;1
leo_ofredkeep;0.25925925374031067;0.20055628751280924;1.1785988807678223;234;27
emileestarz;0.6000000238418579;0.6857142857142857;1.0609302520751953;4;5
analyticmadness;0.3333333432674408;0.3333333333333333;1.0848450660705566;20;3
ew;0.6666666865348816;0.5333333333333333;0.9342666864395142;234;27
iamtherainxoxo;0.1875;0.14988687782805432;1.0047950744628906;136;16
indiewire;0.7142857313156128;0.5952380952380952;0.9708017536572048;437;49
tobibakrelyrics;1.0;1.0;0.6544246673583984;14;2
athanalexander;0.0;0.0;1.3499947786331177;15;2
haitiana4obama;0.6666666865348816;0.5333333333333333;1.0798875093460083;22;3
watchersotwall;0.9354838728904724;0.9043010752688171;0.5163506269454956;274;31
luziyt;1.0;0.0;0.6472994685173035;9;2
vt31008;0.2857142984867096;0.2857142857142857;1.0962690114974976;60;7
cammie_bluesky;0.75;0.8333333333333333;0.8532844185829163;27;4
divinebarrelclt;0.6666666865348816;0.8000000000000002;0.6837368607521057;2;3
ohheyhellothere;0.75;0.6428571428571428;0.5948150157928467;4;4
kaspersky;0.5;0.5;0.9085838794708252;4;4
freefolkbot;0.6695652008056641;0.5370471014492753;0.8654638506364132;6204;690
got_maniac;0.875;0.8166666666666667;0.7153749465942383;72;8
barrypi;0.35424354672431946;0.20638119127866317;1.0815043137082314;2439;271
jtbroussard;1.0;1.0;0.4073527157306671;3;4
a_roderick23;0.0;0.0;1.1798160076141357;11;2
thronesfacts;0.6666666865348816;0.5333333333333334;0.9068955637159801;376;42
mrpuzzetta;1.0;1.0;1.0007567405700684;12;2
steweaster;1.0;1.0;0.5723723769187927;2;3
darlingpleased1;0.5;0.3333333333333333;0.9507635831832886;12;2
watchbasement;1.0;1.0;0.8465426564216614;45;6
silviali;0.4000000059604645;0.2285714285714286;1.0769107341766357;40;5
ghostpiss0o;0.75;0.75;1.007049560546875;4;4
daenerys_got;1.0;0.0;0.27904558181762695;39;5
womprat_2m;1.0;0.0;0.5119442939758301;30;4
armando_yanez;0.25;0.2;1.2442415952682495;3;4
timmysparks;1.0;0.0;0.5357882976531982;2;2
skills4u2envy;0.0;0.0;1.3112034797668457;9;2
jjxschae;0.6666666865348816;0.5555555555555555;1.0912507772445679;3;3
ferasthrone;0.3333333432674408;0.3055555555555556;1.1084798574447632;46;6
milanelloman;0.1666666716337204;0.06666666666666667;1.190836787223816;50;6
scottpreiss;0.5;0.3333333333333333;1.0968725681304932;12;2
winterfellpod;0.7222222089767456;0.6057347670250895;0.920516676372952;324;36
altpress;1.0;1.0;0.8933573961257935;13;2
randomthrones;0.7272727489471436;0.6124401913875599;0.7859764099121094;198;22
roll4it;0.5;0.44444444444444436;1.0606496334075928;52;6
pinkvilla;0.4642857015132904;0.4303135888501743;1.003654956817627;248;28
quotebotmaster;0.36283186078071594;0.19319618434662686;1.273813898584484;1012;113
goat_aus;0.25;0.25;1.1403007507324219;32;4
bptml7;0.0;0.0;1.3841241598129272;19;3
judea05;0.3333333432674408;0.3333333333333333;0.9090105891227722;52;6
tyltgeek;0.75;0.6428571428571428;0.6641015410423279;31;4
oneperfectshot;0.5565217137336731;0.397959679378188;0.9899500888326894;1029;115
flash_titans;0.7142857313156128;0.6547619047619048;0.9937081933021545;126;14
tracilala;1.0;1.0;0.8607255220413208;45;5
redditfreefolk;0.6458333134651184;0.5068565400843882;0.8947340051333109;1723;192
r_h_bushell;0.6000000238418579;0.4499999999999999;1.1056023836135864;4;5
nightscast;0.5555555820465088;0.39682539682539686;0.9813744425773621;73;9
letsplays_deu;1.0;0.0;0.5182524919509888;9;2
stephenarch78;0.3333333432674408;0.16666666666666666;0.8629090189933777;2;3
obienator;0.4000000059604645;0.5333333333333333;1.0697815418243408;88;10
world0fwesteros;1.0;1.0;1.0253043174743652;9;1
adamatoulon;0.3333333432674408;0.4444444444444444;1.1094058752059937;2;3
robin_anne_14;0.5;0.3333333333333333;1.0761642456054688;15;2
kristhyajimenez;0.0;0.0;1.1466916799545288;22;3
villamicika;1.0;1.0;0.6156160831451416;13;2
charitin_1;0.25;0.1;1.4848744869232178;34;4
bibabugs;0.5;0.3333333333333333;1.1392914056777954;28;4
tvguide;0.7123287916183472;0.5926575342465753;0.8493252943639886;649;73
geekdrinkstore;0.75;0.8571428571428571;0.9117307662963867;35;4
sleepydragonart;1.0;1.0;0.6919680237770081;2;2
thatelfnerd;0.20000000298023224;0.06666666666666668;1.2668228149414062;4;5
kasumicos;0.3333333432674408;0.16666666666666666;0.8407027125358582;2;3
lenabellemusic;0.0;0.0;1.0420870780944824;3;3
westeroshistory;0.75;0.7666666666666667;0.706116795539856;3;4
meawwofficial;0.692307710647583;0.5664335664335665;0.9204562306404114;117;13
tracklistost;1.0;0.0;0.6367799639701843;3;3
fanglowgifts;0.8999999761581421;0.8526315789473685;0.32450053095817566;88;10
nerdflixchill;1.0;1.0;0.5223570466041565;323;36
culturecrave;0.8181818127632141;0.7363636363636363;0.6949682235717773;93;11
xfinity;0.3333333432674408;0.16666666666666666;1.029467225074768;2;3
williamfuentes;0.0;0.0;1.1808027029037476;16;2
patchface2;0.0;0.0;1.6336774826049805;9;1
leo_ofredkeep;0.29629629850387573;0.1616161616161616;1.1390117406845093;234;27
emileestarz;0.0;0.0;1.5328471660614014;4;5
analyticmadness;0.6666666865348816;0.6666666666666666;1.051867961883545;20;3
ew;0.6666666865348816;0.5333333333333333;0.8484391570091248;234;27
iamtherainxoxo;0.625;0.5288461538461537;0.9220788478851318;136;16
indiewire;0.7142857313156128;0.5952380952380952;0.8139136980990974;437;49
tobibakrelyrics;0.5;0.3333333333333333;0.6948553323745728;14;2
athanalexander;0.5;0.3333333333333333;1.1632508039474487;15;2
haitiana4obama;0.0;0.0;1.2214657068252563;22;3
watchersotwall;0.9354838728904724;0.9043010752688171;0.4442322552204132;274;31
luziyt;1.0;0.0;0.5248876214027405;9;2
vt31008;0.8571428656578064;0.7912087912087912;0.9902496337890625;60;7
cammie_bluesky;0.25;0.2;1.208769679069519;27;4
divinebarrelclt;0.0;0.0;1.079842448234558;2;3
ohheyhellothere;0.75;0.6428571428571428;0.6762360334396362;4;4
kaspersky;0.5;0.4;1.1180751323699951;4;4
freefolkbot;0.6695652008056641;0.5370471014492753;0.8669423454049705;6204;690
got_maniac;0.0;0.0;1.1776659488677979;72;8
barrypi;0.361623615026474;0.1920819208192082;1.0793872574598586;2439;271
jtbroussard;1.0;1.0;0.8800370693206787;3;4
a_roderick23;0.0;0.0;1.2069621086120605;11;2
thronesfacts;0.6666666865348816;0.5333333333333334;0.940054592632112;376;42
mrpuzzetta;0.0;0.0;1.0665719509124756;12;2
steweaster;0.6666666865348816;0.6666666666666666;0.5638533234596252;2;3
darlingpleased1;0.5;0.3333333333333333;1.2071363925933838;12;2
watchbasement;1.0;1.0;0.8472874760627747;45;6
silviali;0.4000000059604645;0.2285714285714286;1.0999208688735962;40;5
ghostpiss0o;0.0;0.0;1.4609267711639404;4;4
daenerys_got;1.0;0.0;0.5122665166854858;39;5
womprat_2m;1.0;0.0;0.479932963848114;30;4
armando_yanez;0.5;0.3333333333333333;1.0872957706451416;3;4
timmysparks;1.0;0.0;0.5993749499320984;2;2
skills4u2envy;0.5;0.3333333333333333;1.0197676420211792;9;2
jjxschae;0.6666666865348816;0.5555555555555555;0.851948082447052;3;3
ferasthrone;0.5;0.4404761904761905;1.0653399229049683;46;6
milanelloman;0.3333333432674408;0.26666666666666666;1.182215929031372;50;6
scottpreiss;0.5;0.3333333333333333;1.0933705568313599;12;2
winterfellpod;0.7222222089767456;0.6057347670250895;0.9350009891721938;324;36
altpress;0.0;0.0;1.180382251739502;13;2
randomthrones;0.7272727489471436;0.6124401913875599;0.9574102759361267;198;22
roll4it;0.3333333432674408;0.380952380952381;1.0918256044387817;52;6
pinkvilla;0.6785714030265808;0.5486322188449849;0.8513565063476562;248;28
quotebotmaster;0.36283186078071594;0.19319618434662686;1.279185234972861;1012;113
goat_aus;0.0;0.0;1.937720537185669;32;4
bptml7;0.6666666865348816;0.7777777777777777;0.965569794178009;19;3
judea05;0.5;0.45714285714285713;1.0487476587295532;52;6
tyltgeek;0.75;0.6428571428571428;0.6551270484924316;31;4
oneperfectshot;0.5565217137336731;0.397959679378188;0.9912883800009022;1029;115
flash_titans;0.0;0.0;1.546547770500183;126;14
tracilala;1.0;1.0;1.0040696859359741;45;5
redditfreefolk;0.6458333134651184;0.5068565400843882;0.8936686118443807;1723;192
r_h_bushell;0.6000000238418579;0.4499999999999999;0.9804161787033081;4;5
nightscast;0.4444444477558136;0.2735042735042735;0.9581531882286072;73;9
letsplays_deu;0.0;1.0;0.7037379741668701;9;2
stephenarch78;0.3333333432674408;0.16666666666666666;0.9267391562461853;2;3
obienator;0.6000000238418579;0.6380952380952382;1.0947519540786743;88;10
world0fwesteros;1.0;1.0;0.9935792684555054;9;1
adamatoulon;0.3333333432674408;0.3333333333333333;0.9075071215629578;2;3
robin_anne_14;0.5;0.3333333333333333;1.039045810699463;15;2
kristhyajimenez;0.0;0.0;1.2739750146865845;22;3
villamicika;0.5;0.6666666666666666;0.723723292350769;13;2
charitin_1;0.75;0.6428571428571428;1.0156688690185547;34;4
bibabugs;0.0;0.0;1.2327604293823242;28;4
tvguide;0.7123287916183472;0.5926575342465753;0.8336021655226407;649;73
geekdrinkstore;0.75;0.8571428571428571;0.6022784113883972;35;4
sleepydragonart;0.0;0.0;0.6940642595291138;2;2
thatelfnerd;0.20000000298023224;0.16;1.132238745689392;4;5
kasumicos;0.3333333432674408;0.2222222222222222;1.1009302139282227;2;3
lenabellemusic;0.3333333432674408;0.16666666666666666;1.104967474937439;3;3
westeroshistory;0.75;0.6428571428571428;0.6840807199478149;3;4
meawwofficial;0.692307710647583;0.5664335664335665;0.9438453912734985;117;13
tracklistost;1.0;0.0;0.507082462310791;3;3
fanglowgifts;0.8999999761581421;0.8526315789473685;0.3439147472381592;88;10
nerdflixchill;1.0;1.0;1.002553900082906;323;36
culturecrave;0.6363636255264282;0.65;0.9648786783218384;93;11
xfinity;0.3333333432674408;0.16666666666666666;1.3323832750320435;2;3
williamfuentes;0.0;0.0;1.1172412633895874;16;2
patchface2;0.0;0.0;1.3352549076080322;9;1
leo_ofredkeep;0.40740740299224854;0.23586744639376214;1.0901612043380737;234;27
emileestarz;0.6000000238418579;0.6857142857142857;1.0572000741958618;4;5
analyticmadness;0.6666666865348816;0.5333333333333333;1.0561659336090088;20;3
ew;0.6666666865348816;0.5333333333333333;0.883563220500946;234;27
iamtherainxoxo;0.6875;0.5601851851851851;0.8740571737289429;136;16
indiewire;0.7142857313156128;0.5952380952380952;0.8766486194668984;437;49
tobibakrelyrics;0.5;0.3333333333333333;0.6967372894287109;14;2
athanalexander;0.5;0.3333333333333333;1.0416393280029297;15;2
haitiana4obama;0.6666666865348816;0.5333333333333333;0.998757541179657;22;3
watchersotwall;0.9354838728904724;0.9043010752688171;0.4409427046775818;274;31
luziyt;1.0;0.0;0.5310677289962769;9;2
vt31008;0.8571428656578064;0.7912087912087912;0.9709848165512085;60;7
cammie_bluesky;0.25;0.2;1.002134919166565;27;4
divinebarrelclt;1.0;1.0;0.5025153756141663;2;3
ohheyhellothere;0.25;0.30000000000000004;0.7692801356315613;4;4
kaspersky;0.5;0.3333333333333333;1.0909628868103027;4;4
freefolkbot;0.6695652008056641;0.5370471014492753;0.8660462277522986;6204;690
got_maniac;0.75;0.8076923076923076;1.0685317516326904;72;8
barrypi;0.361623615026474;0.1920819208192082;1.082210430799815;2439;271
jtbroussard;0.0;0.0;1.1518524885177612;3;4
a_roderick23;0.0;0.0;1.292121410369873;11;2
thronesfacts;0.6428571343421936;0.5598845598845599;1.023773613430205;376;42
mrpuzzetta;1.0;1.0;0.9590314030647278;12;2
steweaster;0.3333333432674408;0.3333333333333333;0.8605924248695374;2;3
darlingpleased1;0.5;0.3333333333333333;1.0883792638778687;12;2
watchbasement;0.6666666865348816;0.8000000000000002;1.0514285564422607;45;6
silviali;0.6000000238418579;0.4499999999999999;0.9700260162353516;40;5
ghostpiss0o;0.75;0.8500000000000001;1.1904900074005127;4;4
daenerys_got;1.0;0.0;0.3529360592365265;39;5
womprat_2m;1.0;0.0;0.5006597638130188;30;4
armando_yanez;0.5;0.3333333333333333;1.2219135761260986;3;4
timmysparks;1.0;0.0;0.6692182421684265;2;2
skills4u2envy;0.5;0.5;0.8855833411216736;9;2
jjxschae;0.6666666865348816;0.5555555555555555;1.057155728340149;3;3
ferasthrone;0.5;0.3333333333333333;1.0254565477371216;46;6
milanelloman;0.3333333432674408;0.16666666666666666;1.0900448560714722;50;6
scottpreiss;0.5;0.3333333333333333;1.1010971069335938;12;2
winterfellpod;0.6111111044883728;0.5972222222222222;0.9884612957636515;324;36
altpress;0.0;0.0;0.9958884716033936;13;2
randomthrones;0.7272727489471436;0.6124401913875599;0.8712541460990906;198;22
roll4it;0.6666666865348816;0.5333333333333333;0.9738476872444153;52;6
pinkvilla;0.6785714030265808;0.5486322188449849;0.9512038826942444;248;28
quotebotmaster;0.36283186078071594;0.19319618434662686;1.2478246034774105;1012;113
goat_aus;0.5;0.41666666666666663;0.8339940905570984;32;4
bptml7;0.3333333432674408;0.16666666666666666;1.214580774307251;19;3
judea05;0.5;0.44444444444444436;0.9852349162101746;52;6
tyltgeek;0.75;0.6428571428571428;0.620029628276825;31;4
oneperfectshot;0.5565217137336731;0.397959679378188;0.9987345042436019;1029;115
flash_titans;0.0;0.0;1.2088162899017334;126;14
tracilala;1.0;1.0;1.042435884475708;45;5
redditfreefolk;0.6458333134651184;0.5068565400843882;0.9010162949562073;1723;192
r_h_bushell;0.6000000238418579;0.4499999999999999;0.966352105140686;4;5
nightscast;0.5555555820465088;0.39682539682539686;0.8184996843338013;73;9
letsplays_deu;1.0;0.0;0.6192152500152588;9;2
stephenarch78;0.0;0.0;0.7994935512542725;2;3
obienator;0.800000011920929;0.7111111111111111;0.8692730665206909;88;10
world0fwesteros;1.0;1.0;1.0363649129867554;9;1
adamatoulon;0.6666666865348816;0.5333333333333333;1.0728102922439575;2;3
robin_anne_14;0.5;0.3333333333333333;1.0628736019134521;15;2
kristhyajimenez;0.0;0.0;1.539684772491455;22;3
villamicika;1.0;1.0;0.5682277083396912;13;2
charitin_1;0.75;0.6428571428571428;1.0634303092956543;34;4
bibabugs;0.5;0.41666666666666663;1.0784708261489868;28;4
tvguide;0.7123287916183472;0.5926575342465753;0.8445949227842566;649;73
geekdrinkstore;1.0;1.0;0.9567432403564453;35;4
sleepydragonart;1.0;1.0;0.678711473941803;2;2
thatelfnerd;0.4000000059604645;0.3333333333333333;1.1797834634780884;4;5
kasumicos;0.3333333432674408;0.3333333333333333;0.9943079352378845;2;3
lenabellemusic;0.3333333432674408;0.16666666666666666;1.0765905380249023;3;3
westeroshistory;0.75;0.6428571428571428;0.6490602493286133;3;4
meawwofficial;0.5384615659713745;0.48461538461538467;0.8522666096687317;117;13
tracklistost;1.0;0.0;0.5543674826622009;3;3
fanglowgifts;0.8999999761581421;0.8526315789473685;0.5644810795783997;88;10
nerdflixchill;1.0;1.0;0.7326446308030022;323;36
culturecrave;0.8181818127632141;0.7363636363636363;0.7483271956443787;93;11
xfinity;0.3333333432674408;0.16666666666666666;1.0928925275802612;2;3
williamfuentes;0.5;0.3333333333333333;1.1415623426437378;16;2
patchface2;0.0;0.0;1.2763868570327759;9;1
leo_ofredkeep;0.25925925374031067;0.10998877665544332;1.1394342184066772;234;27
emileestarz;0.800000011920929;0.7111111111111111;0.8230704069137573;4;5
analyticmadness;0.0;0.0;1.258208155632019;20;3
ew;0.6666666865348816;0.5333333333333333;0.8584339022636414;234;27
iamtherainxoxo;0.6875;0.5601851851851851;0.8324170112609863;136;16
indiewire;0.7142857313156128;0.5952380952380952;0.853073099438025;437;49
tobibakrelyrics;1.0;1.0;0.5654816031455994;14;2
athanalexander;0.5;0.3333333333333333;1.0548372268676758;15;2
haitiana4obama;0.6666666865348816;0.5333333333333333;1.0341640710830688;22;3
watchersotwall;0.9354838728904724;0.9043010752688171;0.3281990587711334;274;31
luziyt;0.0;1.0;1.1025173664093018;9;2
vt31008;0.8571428656578064;0.7912087912087912;0.8680525422096252;60;7
cammie_bluesky;0.75;0.7333333333333334;0.9617825150489807;27;4
divinebarrelclt;0.6666666865348816;0.8000000000000002;0.680840253829956;2;3
ohheyhellothere;0.25;0.1;0.7391778230667114;4;4
kaspersky;0.0;0.0;1.2918334007263184;4;4
freefolkbot;0.6695652008056641;0.5370471014492753;0.8655587187711743;6204;690
got_maniac;0.875;0.8166666666666667;0.852125883102417;72;8
barrypi;0.361623615026474;0.1920819208192082;1.0800344029035955;2439;271
jtbroussard;0.0;0.0;1.1421984434127808;3;4
